1.000000000000000056e-01 -1.896552681922912598e+00
1.774193548387096864e-01 -1.888582468032836914e+00
2.548387096774193949e-01 -1.864309787750244141e+00
3.322580645161290480e-01 -1.835294485092163086e+00
4.096774193548387011e-01 -1.804264068603515625e+00
4.870967741935483541e-01 -1.767055869102478027e+00
5.645161290322581182e-01 -1.726380228996276855e+00
6.419354838709677713e-01 -1.682291030883789062e+00
7.193548387096774244e-01 -1.633934736251831055e+00
7.967741935483870774e-01 -1.580314755439758301e+00
8.741935483870967305e-01 -1.519539952278137207e+00
9.516129032258064946e-01 -1.445974707603454590e+00
1.029032258064516148e+00 -1.350686550140380859e+00
1.106451612903226023e+00 -1.245528459548950195e+00
1.183870967741935676e+00 -1.131766557693481445e+00
1.261290322580645329e+00 -1.039519190788269043e+00
1.338709677419354982e+00 -9.631327986717224121e-01
1.416129032258064635e+00 -8.917202949523925781e-01
1.493548387096774288e+00 -8.298290967941284180e-01
1.570967741935483941e+00 -7.786214351654052734e-01
1.648387096774193594e+00 -7.318829298019409180e-01
1.725806451612903469e+00 -6.911498308181762695e-01
1.803225806451613122e+00 -6.547631621360778809e-01
1.880645161290322775e+00 -6.228154897689819336e-01
1.958064516129032429e+00 -5.930749773979187012e-01
2.035483870967742082e+00 -5.658523440361022949e-01
2.112903225806451957e+00 -5.434936881065368652e-01
2.190322580645161388e+00 -5.194044709205627441e-01
2.267741935483871263e+00 -4.988703131675720215e-01
2.345161290322580694e+00 -4.809097647666931152e-01
2.422580645161290569e+00 -4.627603888511657715e-01
2.500000000000000000e+00 -4.469207525253295898e-01
