1.000000000000000056e-01 -1.893856287002563477e+00
1.774193548387096864e-01 -1.882918119430541992e+00
2.548387096774193949e-01 -1.862321138381958008e+00
3.322580645161290480e-01 -1.835628867149353027e+00
4.096774193548387011e-01 -1.802636861801147461e+00
4.870967741935483541e-01 -1.766717433929443359e+00
5.645161290322581182e-01 -1.726251006126403809e+00
6.419354838709677713e-01 -1.681930065155029297e+00
7.193548387096774244e-01 -1.633470296859741211e+00
7.967741935483870774e-01 -1.579926013946533203e+00
8.741935483870967305e-01 -1.519374489784240723e+00
9.516129032258064946e-01 -1.441581845283508301e+00
1.029032258064516148e+00 -1.343668937683105469e+00
1.106451612903226023e+00 -1.234347462654113770e+00
1.183870967741935676e+00 -1.131317138671875000e+00
1.261290322580645329e+00 -1.041592717170715332e+00
1.338709677419354982e+00 -9.602792859077453613e-01
1.416129032258064635e+00 -8.915179967880249023e-01
1.493548387096774288e+00 -8.311928510665893555e-01
1.570967741935483941e+00 -7.781976461410522461e-01
1.648387096774193594e+00 -7.329264879226684570e-01
1.725806451612903469e+00 -6.920851469039916992e-01
1.803225806451613122e+00 -6.550392508506774902e-01
1.880645161290322775e+00 -6.230359077453613281e-01
1.958064516129032429e+00 -5.929558873176574707e-01
2.035483870967742082e+00 -5.660271048545837402e-01
2.112903225806451957e+00 -5.423031449317932129e-01
2.190322580645161388e+00 -5.199300646781921387e-01
2.267741935483871263e+00 -4.994053244590759277e-01
2.345161290322580694e+00 -4.803538918495178223e-01
2.422580645161290569e+00 -4.634131491184234619e-01
2.500000000000000000e+00 -4.471620619297027588e-01
