1.000000000000000056e-01 -1.898048400878906250e+00
1.774193548387096864e-01 -1.883906483650207520e+00
2.548387096774193949e-01 -1.867100358009338379e+00
3.322580645161290480e-01 -1.837857961654663086e+00
4.096774193548387011e-01 -1.805274844169616699e+00
4.870967741935483541e-01 -1.768518924713134766e+00
5.645161290322581182e-01 -1.727651596069335938e+00
6.419354838709677713e-01 -1.685732364654541016e+00
7.193548387096774244e-01 -1.636868119239807129e+00
7.967741935483870774e-01 -1.586125969886779785e+00
8.741935483870967305e-01 -1.527606368064880371e+00
9.516129032258064946e-01 -1.459707021713256836e+00
1.029032258064516148e+00 -1.376899123191833496e+00
1.106451612903226023e+00 -1.287500143051147461e+00
1.183870967741935676e+00 -1.186884999275207520e+00
1.261290322580645329e+00 -1.079907774925231934e+00
1.338709677419354982e+00 -9.871981739997863770e-01
1.416129032258064635e+00 -9.086362123489379883e-01
1.493548387096774288e+00 -8.424047827720642090e-01
1.570967741935483941e+00 -7.810170650482177734e-01
1.648387096774193594e+00 -7.394572496414184570e-01
1.725806451612903469e+00 -6.932715177536010742e-01
1.803225806451613122e+00 -6.535921692848205566e-01
1.880645161290322775e+00 -6.252809166908264160e-01
1.958064516129032429e+00 -5.947751998901367188e-01
2.035483870967742082e+00 -5.652950406074523926e-01
2.112903225806451957e+00 -5.458237528800964355e-01
2.190322580645161388e+00 -5.222916007041931152e-01
2.267741935483871263e+00 -4.975223541259765625e-01
2.345161290322580694e+00 -4.802279770374298096e-01
2.422580645161290569e+00 -4.608019888401031494e-01
2.500000000000000000e+00 -4.465101957321166992e-01
