1.000000000000000056e-01 9.457134008407592773e-01
1.774193548387096864e-01 9.423777461051940918e-01
2.548387096774193949e-01 9.300549030303955078e-01
3.322580645161290480e-01 9.153505563735961914e-01
4.096774193548387011e-01 8.982313871383666992e-01
4.870967741935483541e-01 8.773634433746337891e-01
5.645161290322581182e-01 8.539698719978332520e-01
6.419354838709677713e-01 8.266496062278747559e-01
7.193548387096774244e-01 7.949076294898986816e-01
7.967741935483870774e-01 7.565466761589050293e-01
8.741935483870967305e-01 7.049689888954162598e-01
9.516129032258064946e-01 5.860599875450134277e-01
1.029032258064516148e+00 3.429872095584869385e-01
1.106451612903226023e+00 1.636038869619369507e-01
1.183870967741935676e+00 -4.476015456020832062e-03
1.261290322580645329e+00 -2.461932227015495300e-02
1.338709677419354982e+00 -2.584239933639764786e-03
1.416129032258064635e+00 3.861113917082548141e-03
1.493548387096774288e+00 -4.431245382875204086e-03
1.570967741935483941e+00 -1.259029493667185307e-03
1.648387096774193594e+00 -8.585186675190925598e-03
1.725806451612903469e+00 -8.795738103799521923e-04
1.803225806451613122e+00 -1.498230965808033943e-03
1.880645161290322775e+00 -1.846714527346193790e-03
1.958064516129032429e+00 2.290908247232437134e-03
2.035483870967742082e+00 4.258897155523300171e-03
2.112903225806451957e+00 2.170700347051024437e-03
2.190322580645161388e+00 -4.155690316110849380e-03
2.267741935483871263e+00 -6.782354903407394886e-04
2.345161290322580694e+00 -1.453105825930833817e-03
2.422580645161290569e+00 2.367801265791058540e-03
2.500000000000000000e+00 3.905060002580285072e-04
