1.000000000000000056e-01 6.557509899139404297e-01
1.774193548387096864e-01 7.446098923683166504e-01
2.548387096774193949e-01 8.707951307296752930e-01
3.322580645161290480e-01 8.587539792060852051e-01
4.096774193548387011e-01 8.116400241851806641e-01
4.870967741935483541e-01 8.339233398437500000e-01
5.645161290322581182e-01 8.093942999839782715e-01
6.419354838709677713e-01 7.842670083045959473e-01
7.193548387096774244e-01 7.477296590805053711e-01
7.967741935483870774e-01 7.146800756454467773e-01
8.741935483870967305e-01 6.638270616531372070e-01
9.516129032258064946e-01 5.296901464462280273e-01
1.029032258064516148e+00 3.473925888538360596e-01
1.106451612903226023e+00 1.937052905559539795e-01
1.183870967741935676e+00 1.163895055651664734e-01
1.261290322580645329e+00 9.684231877326965332e-02
1.338709677419354982e+00 7.115336507558822632e-02
1.416129032258064635e+00 6.393457949161529541e-02
1.493548387096774288e+00 5.142176523804664612e-02
1.570967741935483941e+00 4.497483745217323303e-02
1.648387096774193594e+00 4.264303669333457947e-02
1.725806451612903469e+00 3.905727714300155640e-02
1.803225806451613122e+00 3.608369082212448120e-02
1.880645161290322775e+00 3.526677936315536499e-02
1.958064516129032429e+00 3.285269439220428467e-02
2.035483870967742082e+00 3.085906058549880981e-02
2.112903225806451957e+00 2.978851646184921265e-02
2.190322580645161388e+00 2.887208200991153717e-02
2.267741935483871263e+00 2.801052480936050415e-02
2.345161290322580694e+00 2.688481658697128296e-02
2.422580645161290569e+00 2.666930481791496277e-02
2.500000000000000000e+00 2.556515485048294067e-02
