1.000000000000000056e-01 9.374704957008361816e-01
1.774193548387096864e-01 9.423294067382812500e-01
2.548387096774193949e-01 9.408670663833618164e-01
3.322580645161290480e-01 9.310790896415710449e-01
4.096774193548387011e-01 9.167694449424743652e-01
4.870967741935483541e-01 9.029328227043151855e-01
5.645161290322581182e-01 8.845264911651611328e-01
6.419354838709677713e-01 8.667298555374145508e-01
7.193548387096774244e-01 8.451402187347412109e-01
7.967741935483870774e-01 8.237513899803161621e-01
8.741935483870967305e-01 7.959505915641784668e-01
9.516129032258064946e-01 7.615513801574707031e-01
1.029032258064516148e+00 7.091346383094787598e-01
1.106451612903226023e+00 6.540647745132446289e-01
1.183870967741935676e+00 5.813860893249511719e-01
1.261290322580645329e+00 4.907328188419342041e-01
1.338709677419354982e+00 4.216457903385162354e-01
1.416129032258064635e+00 3.679845631122589111e-01
1.493548387096774288e+00 3.185621201992034912e-01
1.570967741935483941e+00 2.771799564361572266e-01
1.648387096774193594e+00 2.570519149303436279e-01
1.725806451612903469e+00 2.329366505146026611e-01
1.803225806451613122e+00 2.170813530683517456e-01
1.880645161290322775e+00 2.083661109209060669e-01
1.958064516129032429e+00 1.982436478137969971e-01
2.035483870967742082e+00 1.894652545452117920e-01
2.112903225806451957e+00 1.853456199169158936e-01
2.190322580645161388e+00 1.745249181985855103e-01
2.267741935483871263e+00 1.672087907791137695e-01
2.345161290322580694e+00 1.641961932182312012e-01
2.422580645161290569e+00 1.593995988368988037e-01
2.500000000000000000e+00 1.527095735073089600e-01
