1.000000000000000056e-01 8.677649497985839844e-01
1.774193548387096864e-01 9.036296606063842773e-01
2.548387096774193949e-01 9.083744883537292480e-01
3.322580645161290480e-01 8.978274464607238770e-01
4.096774193548387011e-01 8.827202320098876953e-01
4.870967741935483541e-01 8.608652353286743164e-01
5.645161290322581182e-01 8.395846486091613770e-01
6.419354838709677713e-01 8.173975944519042969e-01
7.193548387096774244e-01 7.856924533843994141e-01
7.967741935483870774e-01 7.559321522712707520e-01
8.741935483870967305e-01 7.135543227195739746e-01
9.516129032258064946e-01 6.406208276748657227e-01
1.029032258064516148e+00 5.186123847961425781e-01
1.106451612903226023e+00 4.037613570690155029e-01
1.183870967741935676e+00 2.502427995204925537e-01
1.261290322580645329e+00 1.822913736104965210e-01
1.338709677419354982e+00 1.443652212619781494e-01
1.416129032258064635e+00 1.211947500705718994e-01
1.493548387096774288e+00 1.073047220706939697e-01
1.570967741935483941e+00 9.171541780233383179e-02
1.648387096774193594e+00 8.380714803934097290e-02
1.725806451612903469e+00 7.790310680866241455e-02
1.803225806451613122e+00 7.297862321138381958e-02
1.880645161290322775e+00 7.013694941997528076e-02
1.958064516129032429e+00 6.432642042636871338e-02
2.035483870967742082e+00 6.335843354463577271e-02
2.112903225806451957e+00 6.123541295528411865e-02
2.190322580645161388e+00 5.792761966586112976e-02
2.267741935483871263e+00 5.594870075583457947e-02
2.345161290322580694e+00 5.412675067782402039e-02
2.422580645161290569e+00 5.274944007396697998e-02
2.500000000000000000e+00 5.136315152049064636e-02
