1.000000000000000056e-01 6.872019767761230469e+00
1.774193548387096864e-01 1.760576725006103516e+00
2.548387096774193949e-01 8.750770688056945801e-01
3.322580645161290480e-01 6.942936778068542480e-01
4.096774193548387011e-01 7.980887293815612793e-01
4.870967741935483541e-01 7.792179584503173828e-01
5.645161290322581182e-01 1.017448663711547852e+00
6.419354838709677713e-01 9.072638154029846191e-01
7.193548387096774244e-01 1.270265936851501465e+00
7.967741935483870774e-01 1.380236387252807617e+00
8.741935483870967305e-01 2.226365804672241211e+00
9.516129032258064946e-01 4.494558811187744141e+00
1.029032258064516148e+00 1.251029109954833984e+01
1.106451612903226023e+00 1.378604221343994141e+01
1.183870967741935676e+00 1.077186965942382812e+01
1.261290322580645329e+00 5.533849239349365234e+00
1.338709677419354982e+00 3.763237714767456055e+00
1.416129032258064635e+00 2.432510137557983398e+00
1.493548387096774288e+00 1.990891218185424805e+00
1.570967741935483941e+00 1.319055318832397461e+00
1.648387096774193594e+00 1.128241896629333496e+00
1.725806451612903469e+00 8.705437183380126953e-01
1.803225806451613122e+00 7.253700494766235352e-01
1.880645161290322775e+00 6.469036936759948730e-01
1.958064516129032429e+00 5.290472507476806641e-01
2.035483870967742082e+00 4.851353764533996582e-01
2.112903225806451957e+00 4.660248458385467529e-01
2.190322580645161388e+00 3.780194818973541260e-01
2.267741935483871263e+00 3.525389730930328369e-01
2.345161290322580694e+00 3.227009177207946777e-01
2.422580645161290569e+00 2.861623764038085938e-01
2.500000000000000000e+00 2.709037065505981445e-01
