1.000000000000000056e-01 1.545097503662109375e+02
1.774193548387096864e-01 2.304134368896484375e+01
2.548387096774193949e-01 5.437720298767089844e+00
3.322580645161290480e-01 5.750073432922363281e+00
4.096774193548387011e-01 8.377699851989746094e+00
4.870967741935483541e-01 3.824681043624877930e+00
5.645161290322581182e-01 3.280694961547851562e+00
6.419354838709677713e-01 3.329238414764404297e+00
7.193548387096774244e-01 4.903641700744628906e+00
7.967741935483870774e-01 4.966584682464599609e+00
8.741935483870967305e-01 7.822339534759521484e+00
9.516129032258064946e-01 3.421266174316406250e+01
1.029032258064516148e+00 4.699831008911132812e+01
1.106451612903226023e+00 3.610674285888671875e+01
1.183870967741935676e+00 1.290745067596435547e+01
1.261290322580645329e+00 7.883219718933105469e+00
1.338709677419354982e+00 3.514696598052978516e+00
1.416129032258064635e+00 2.798788547515869141e+00
1.493548387096774288e+00 1.824126362800598145e+00
1.570967741935483941e+00 1.333952426910400391e+00
1.648387096774193594e+00 1.134842991828918457e+00
1.725806451612903469e+00 8.651545643806457520e-01
1.803225806451613122e+00 7.249490022659301758e-01
1.880645161290322775e+00 6.685569882392883301e-01
1.958064516129032429e+00 5.545530915260314941e-01
2.035483870967742082e+00 4.728919267654418945e-01
2.112903225806451957e+00 4.308613538742065430e-01
2.190322580645161388e+00 3.834890723228454590e-01
2.267741935483871263e+00 3.573178946971893311e-01
2.345161290322580694e+00 3.190313577651977539e-01
2.422580645161290569e+00 2.985874414443969727e-01
2.500000000000000000e+00 2.691407203674316406e-01
