1.000000000000000056e-01 -1.954189062118530273e+00
1.774193548387096864e-01 -1.962590813636779785e+00
2.548387096774193949e-01 -1.915218949317932129e+00
3.322580645161290480e-01 -1.868808984756469727e+00
4.096774193548387011e-01 -1.823896527290344238e+00
4.870967741935483541e-01 -1.780460119247436523e+00
5.645161290322581182e-01 -1.736609339714050293e+00
6.419354838709677713e-01 -1.689917564392089844e+00
7.193548387096774244e-01 -1.642006039619445801e+00
7.967741935483870774e-01 -1.585541605949401855e+00
8.741935483870967305e-01 -1.528867840766906738e+00
9.516129032258064946e-01 -1.460168123245239258e+00
1.029032258064516148e+00 -1.382589340209960938e+00
1.106451612903226023e+00 -1.294797062873840332e+00
1.183870967741935676e+00 -1.185267806053161621e+00
1.261290322580645329e+00 -1.082870721817016602e+00
1.338709677419354982e+00 -9.875894784927368164e-01
1.416129032258064635e+00 -9.007473587989807129e-01
1.493548387096774288e+00 -8.448500037193298340e-01
1.570967741935483941e+00 -7.834374308586120605e-01
1.648387096774193594e+00 -7.356783747673034668e-01
1.725806451612903469e+00 -6.935244798660278320e-01
1.803225806451613122e+00 -6.563552618026733398e-01
1.880645161290322775e+00 -6.265320777893066406e-01
1.958064516129032429e+00 -5.957161784172058105e-01
2.035483870967742082e+00 -5.676200389862060547e-01
2.112903225806451957e+00 -5.436402559280395508e-01
2.190322580645161388e+00 -5.181134343147277832e-01
2.267741935483871263e+00 -4.991507828235626221e-01
2.345161290322580694e+00 -4.802621006965637207e-01
2.422580645161290569e+00 -4.633814394474029541e-01
2.500000000000000000e+00 -4.466671347618103027e-01
