1.000000000000000056e-01 -1.975599408149719238e+00
1.774193548387096864e-01 -1.962154150009155273e+00
2.548387096774193949e-01 -1.912272095680236816e+00
3.322580645161290480e-01 -1.865233182907104492e+00
4.096774193548387011e-01 -1.821437120437622070e+00
4.870967741935483541e-01 -1.777899622917175293e+00
5.645161290322581182e-01 -1.732905864715576172e+00
6.419354838709677713e-01 -1.685527205467224121e+00
7.193548387096774244e-01 -1.635161757469177246e+00
7.967741935483870774e-01 -1.579864621162414551e+00
8.741935483870967305e-01 -1.515625000000000000e+00
9.516129032258064946e-01 -1.431524991989135742e+00
1.029032258064516148e+00 -1.339408636093139648e+00
1.106451612903226023e+00 -1.233910918235778809e+00
1.183870967741935676e+00 -1.131511569023132324e+00
1.261290322580645329e+00 -1.039945244789123535e+00
1.338709677419354982e+00 -9.608614444732666016e-01
1.416129032258064635e+00 -8.918726444244384766e-01
1.493548387096774288e+00 -8.313502073287963867e-01
1.570967741935483941e+00 -7.783987522125244141e-01
1.648387096774193594e+00 -7.324791550636291504e-01
1.725806451612903469e+00 -6.913447976112365723e-01
1.803225806451613122e+00 -6.548030972480773926e-01
1.880645161290322775e+00 -6.223180294036865234e-01
1.958064516129032429e+00 -5.930782556533813477e-01
2.035483870967742082e+00 -5.664544701576232910e-01
2.112903225806451957e+00 -5.419360995292663574e-01
2.190322580645161388e+00 -5.197916626930236816e-01
2.267741935483871263e+00 -4.991465806961059570e-01
2.345161290322580694e+00 -4.804488420486450195e-01
2.422580645161290569e+00 -4.630677700042724609e-01
2.500000000000000000e+00 -4.466700255870819092e-01
