1.000000000000000056e-01 9.875884652137756348e-01
1.774193548387096864e-01 9.810532927513122559e-01
2.548387096774193949e-01 9.561732411384582520e-01
3.322580645161290480e-01 9.320928454399108887e-01
4.096774193548387011e-01 9.087283015251159668e-01
4.870967741935483541e-01 8.845402598381042480e-01
5.645161290322581182e-01 8.585143685340881348e-01
6.419354838709677713e-01 8.298497796058654785e-01
7.193548387096774244e-01 7.969821691513061523e-01
7.967741935483870774e-01 7.565943002700805664e-01
8.741935483870967305e-01 7.039371728897094727e-01
9.516129032258064946e-01 1.208809614181518555e-01
1.029032258064516148e+00 2.276703249663114548e-03
1.106451612903226023e+00 -6.994924042373895645e-03
1.183870967741935676e+00 -2.465523779392242432e-02
1.261290322580645329e+00 3.700013738125562668e-03
1.338709677419354982e+00 -2.082522772252559662e-02
1.416129032258064635e+00 -1.756433583796024323e-02
1.493548387096774288e+00 6.746732105966657400e-05
1.570967741935483941e+00 -3.100551199167966843e-03
1.648387096774193594e+00 -2.184184500947594643e-03
1.725806451612903469e+00 -7.651096675544977188e-04
1.803225806451613122e+00 -1.982415997190400958e-04
1.880645161290322775e+00 -5.344916600733995438e-03
1.958064516129032429e+00 -2.275155391544103622e-03
2.035483870967742082e+00 1.776161079760640860e-04
2.112903225806451957e+00 -4.301259294152259827e-03
2.190322580645161388e+00 -2.448404207825660706e-03
2.267741935483871263e+00 -1.245192252099514008e-03
2.345161290322580694e+00 -3.012210363522171974e-03
2.422580645161290569e+00 1.720116779324598610e-05
2.500000000000000000e+00 5.522849387489259243e-04
