1.000000000000000056e-01 9.854830503463745117e-01
1.774193548387096864e-01 9.809769392013549805e-01
2.548387096774193949e-01 9.564020633697509766e-01
3.322580645161290480e-01 9.323568344116210938e-01
4.096774193548387011e-01 9.088703393936157227e-01
4.870967741935483541e-01 8.846039772033691406e-01
5.645161290322581182e-01 8.586683273315429688e-01
6.419354838709677713e-01 8.300626873970031738e-01
7.193548387096774244e-01 7.967689633369445801e-01
7.967741935483870774e-01 7.577978372573852539e-01
8.741935483870967305e-01 7.070254087448120117e-01
9.516129032258064946e-01 5.980602502822875977e-01
1.029032258064516148e+00 3.674023449420928955e-01
1.106451612903226023e+00 8.823047578334808350e-02
1.183870967741935676e+00 -3.808022290468215942e-02
1.261290322580645329e+00 -9.075386333279311657e-04
1.338709677419354982e+00 -2.944215957541018724e-04
1.416129032258064635e+00 7.401365786790847778e-03
1.493548387096774288e+00 -1.712444238364696503e-02
1.570967741935483941e+00 -5.388095509260892868e-03
1.648387096774193594e+00 -6.226641591638326645e-03
1.725806451612903469e+00 -2.678200369700789452e-03
1.803225806451613122e+00 -3.164905356243252754e-03
1.880645161290322775e+00 4.723100282717496157e-04
1.958064516129032429e+00 -3.903204109519720078e-03
2.035483870967742082e+00 -8.929393952712416649e-04
2.112903225806451957e+00 -2.900620922446250916e-03
2.190322580645161388e+00 -2.815940883010625839e-03
2.267741935483871263e+00 -2.302243141457438469e-03
2.345161290322580694e+00 2.225761301815509796e-03
2.422580645161290569e+00 1.048106467351317406e-03
2.500000000000000000e+00 -2.554338891059160233e-03
