1.000000000000000056e-01 9.744291305541992188e-01
1.774193548387096864e-01 9.266942143440246582e-01
2.548387096774193949e-01 8.734990954399108887e-01
3.322580645161290480e-01 8.455229401588439941e-01
4.096774193548387011e-01 8.186365365982055664e-01
4.870967741935483541e-01 7.701497673988342285e-01
5.645161290322581182e-01 7.181389927864074707e-01
6.419354838709677713e-01 6.433811783790588379e-01
7.193548387096774244e-01 5.940234661102294922e-01
7.967741935483870774e-01 5.129687786102294922e-01
8.741935483870967305e-01 3.968769311904907227e-01
9.516129032258064946e-01 2.447482645511627197e-01
1.029032258064516148e+00 1.867308765649795532e-01
1.106451612903226023e+00 1.154612451791763306e-01
1.183870967741935676e+00 7.687816023826599121e-02
1.261290322580645329e+00 5.241865292191505432e-02
1.338709677419354982e+00 4.093953222036361694e-02
1.416129032258064635e+00 3.569360822439193726e-02
1.493548387096774288e+00 3.082463331520557404e-02
1.570967741935483941e+00 2.804375067353248596e-02
1.648387096774193594e+00 2.540527284145355225e-02
1.725806451612903469e+00 2.299535833299160004e-02
1.803225806451613122e+00 2.197217382490634918e-02
1.880645161290322775e+00 2.050918713212013245e-02
1.958064516129032429e+00 1.946426928043365479e-02
2.035483870967742082e+00 1.853006519377231598e-02
2.112903225806451957e+00 1.755573973059654236e-02
2.190322580645161388e+00 1.746109686791896820e-02
2.267741935483871263e+00 1.684181764721870422e-02
2.345161290322580694e+00 1.624519564211368561e-02
2.422580645161290569e+00 1.541747152805328369e-02
2.500000000000000000e+00 1.538016553968191147e-02
