1.000000000000000056e-01 2.518664360046386719e+01
1.774193548387096864e-01 1.094795036315917969e+01
2.548387096774193949e-01 8.379783630371093750e+00
3.322580645161290480e-01 6.609848022460937500e+00
4.096774193548387011e-01 4.707151889801025391e+00
4.870967741935483541e-01 4.312528610229492188e+00
5.645161290322581182e-01 4.156021595001220703e+00
6.419354838709677713e-01 5.282545566558837891e+00
7.193548387096774244e-01 4.856753349304199219e+00
7.967741935483870774e-01 6.407879829406738281e+00
8.741935483870967305e-01 7.070643424987792969e+00
9.516129032258064946e-01 7.577957153320312500e+01
1.029032258064516148e+00 4.562685775756835938e+01
1.106451612903226023e+00 3.160705566406250000e+01
1.183870967741935676e+00 1.346421813964843750e+01
1.261290322580645329e+00 7.422554969787597656e+00
1.338709677419354982e+00 4.057268142700195312e+00
1.416129032258064635e+00 2.441328048706054688e+00
1.493548387096774288e+00 1.932598590850830078e+00
1.570967741935483941e+00 1.356998085975646973e+00
1.648387096774193594e+00 1.082525849342346191e+00
1.725806451612903469e+00 8.803098201751708984e-01
1.803225806451613122e+00 7.239302396774291992e-01
1.880645161290322775e+00 6.246699094772338867e-01
1.958064516129032429e+00 5.653063058853149414e-01
2.035483870967742082e+00 4.820104539394378662e-01
2.112903225806451957e+00 4.384308457374572754e-01
2.190322580645161388e+00 3.914920091629028320e-01
2.267741935483871263e+00 3.444821536540985107e-01
2.345161290322580694e+00 3.073338866233825684e-01
2.422580645161290569e+00 2.858406305313110352e-01
2.500000000000000000e+00 2.771186530590057373e-01
