1.000000000000000056e-01 7.364706993103027344e+00
1.774193548387096864e-01 4.055289745330810547e+00
2.548387096774193949e-01 1.383888483047485352e+00
3.322580645161290480e-01 9.764919281005859375e-01
4.096774193548387011e-01 8.704344630241394043e-01
4.870967741935483541e-01 8.586778640747070312e-01
5.645161290322581182e-01 8.367312550544738770e-01
6.419354838709677713e-01 1.122043609619140625e+00
7.193548387096774244e-01 1.222594141960144043e+00
7.967741935483870774e-01 1.384812474250793457e+00
8.741935483870967305e-01 1.926754474639892578e+00
9.516129032258064946e-01 3.280296564102172852e+00
1.029032258064516148e+00 1.247839164733886719e+01
1.106451612903226023e+00 1.526494979858398438e+01
1.183870967741935676e+00 1.012550926208496094e+01
1.261290322580645329e+00 5.745495319366455078e+00
1.338709677419354982e+00 4.149838924407958984e+00
1.416129032258064635e+00 2.444777488708496094e+00
1.493548387096774288e+00 1.919136762619018555e+00
1.570967741935483941e+00 1.316153049468994141e+00
1.648387096774193594e+00 1.132619023323059082e+00
1.725806451612903469e+00 8.696095943450927734e-01
1.803225806451613122e+00 7.553132772445678711e-01
1.880645161290322775e+00 6.354861855506896973e-01
1.958064516129032429e+00 5.675484538078308105e-01
2.035483870967742082e+00 4.978373348712921143e-01
2.112903225806451957e+00 4.047959148883819580e-01
2.190322580645161388e+00 3.811143636703491211e-01
2.267741935483871263e+00 3.580678403377532959e-01
2.345161290322580694e+00 3.212670981884002686e-01
2.422580645161290569e+00 2.935918867588043213e-01
2.500000000000000000e+00 2.658339440822601318e-01
