1.000000000000000056e-01 -1.981689572334289551e+00
2.000000000000000111e-01 -1.935300350189208984e+00
2.999999999999999889e-01 -1.873347640037536621e+00
4.000000000000000222e-01 -1.815332651138305664e+00
5.000000000000000000e-01 -1.760359883308410645e+00
5.999999999999999778e-01 -1.701393485069274902e+00
6.999999999999999556e-01 -1.637354731559753418e+00
7.999999999999999334e-01 -1.565847754478454590e+00
8.999999999999999112e-01 -1.471187710762023926e+00
9.999999999999998890e-01 -1.355170130729675293e+00
1.099999999999999867e+00 -1.223963022232055664e+00
1.199999999999999956e+00 -1.097816824913024902e+00
1.300000000000000044e+00 -9.878620505332946777e-01
1.399999999999999911e+00 -8.969248533248901367e-01
1.500000000000000000e+00 -8.195044994354248047e-01
1.599999999999999867e+00 -7.555792927742004395e-01
1.699999999999999956e+00 -7.007442116737365723e-01
1.800000000000000044e+00 -6.539409756660461426e-01
1.899999999999999911e+00 -6.126468777656555176e-01
2.000000000000000000e+00 -5.765414237976074219e-01
2.099999999999999645e+00 -5.444481372833251953e-01
2.199999999999999734e+00 -5.163815021514892578e-01
2.299999999999999822e+00 -4.908641874790191650e-01
2.399999999999999911e+00 -4.678973257541656494e-01
2.500000000000000000e+00 -4.466781616210937500e-01
