1.000000000000000056e-01 -1.979988336563110352e+00
2.000000000000000111e-01 -1.934946656227111816e+00
2.999999999999999889e-01 -1.873172402381896973e+00
4.000000000000000222e-01 -1.816659927368164062e+00
5.000000000000000000e-01 -1.760911941528320312e+00
5.999999999999999778e-01 -1.702227473258972168e+00
6.999999999999999556e-01 -1.638710021972656250e+00
7.999999999999999334e-01 -1.567963242530822754e+00
8.999999999999999112e-01 -1.484701156616210938e+00
9.999999999999998890e-01 -1.370208621025085449e+00
1.099999999999999867e+00 -1.231686949729919434e+00
1.199999999999999956e+00 -1.097992897033691406e+00
1.300000000000000044e+00 -9.875664114952087402e-01
1.399999999999999911e+00 -8.965810537338256836e-01
1.500000000000000000e+00 -8.198474049568176270e-01
1.599999999999999867e+00 -7.554025650024414062e-01
1.699999999999999956e+00 -7.008337974548339844e-01
1.800000000000000044e+00 -6.532871723175048828e-01
1.899999999999999911e+00 -6.120409369468688965e-01
2.000000000000000000e+00 -5.763767957687377930e-01
2.099999999999999645e+00 -5.450130105018615723e-01
2.199999999999999734e+00 -5.157042741775512695e-01
2.299999999999999822e+00 -4.911678433418273926e-01
2.399999999999999911e+00 -4.677267968654632568e-01
2.500000000000000000e+00 -4.473396539688110352e-01
