1.000000000000000056e-01 -1.974264144897460938e+00
2.000000000000000111e-01 -1.936738252639770508e+00
2.999999999999999889e-01 -1.876353740692138672e+00
4.000000000000000222e-01 -1.819113850593566895e+00
5.000000000000000000e-01 -1.763713836669921875e+00
5.999999999999999778e-01 -1.705256223678588867e+00
6.999999999999999556e-01 -1.642062544822692871e+00
7.999999999999999334e-01 -1.573606133460998535e+00
8.999999999999999112e-01 -1.496431589126586914e+00
9.999999999999998890e-01 -1.401121497154235840e+00
1.099999999999999867e+00 -1.277641296386718750e+00
1.199999999999999956e+00 -1.140817284584045410e+00
1.300000000000000044e+00 -1.020416140556335449e+00
1.399999999999999911e+00 -9.187981486320495605e-01
1.500000000000000000e+00 -8.273968100547790527e-01
1.599999999999999867e+00 -7.594762444496154785e-01
1.699999999999999956e+00 -7.016194462776184082e-01
1.800000000000000044e+00 -6.567407846450805664e-01
1.899999999999999911e+00 -6.110614538192749023e-01
2.000000000000000000e+00 -5.765001773834228516e-01
2.099999999999999645e+00 -5.452532768249511719e-01
2.199999999999999734e+00 -5.178159475326538086e-01
2.299999999999999822e+00 -4.903940856456756592e-01
2.399999999999999911e+00 -4.665850698947906494e-01
2.500000000000000000e+00 -4.469897150993347168e-01
