1.000000000000000056e-01 9.905835986137390137e-01
2.000000000000000111e-01 9.672970175743103027e-01
2.999999999999999889e-01 9.359554052352905273e-01
4.000000000000000222e-01 9.058401584625244141e-01
5.000000000000000000e-01 8.744440078735351562e-01
5.999999999999999778e-01 8.391276001930236816e-01
6.999999999999999556e-01 7.982548475265502930e-01
7.999999999999999334e-01 7.454301714897155762e-01
8.999999999999999112e-01 6.458718776702880859e-01
9.999999999999998890e-01 2.161446958780288696e-01
1.099999999999999867e+00 -1.182324662804603577e-01
1.199999999999999956e+00 -3.722902759909629822e-02
1.300000000000000044e+00 -4.874624777585268021e-03
1.399999999999999911e+00 -3.638115013018250465e-03
1.500000000000000000e+00 -1.779208425432443619e-03
1.599999999999999867e+00 -2.530208788812160492e-03
1.699999999999999956e+00 -1.500874524936079979e-03
1.800000000000000044e+00 -1.469989889301359653e-03
1.899999999999999911e+00 -1.802067738026380539e-03
2.000000000000000000e+00 -1.004709280095994473e-03
2.099999999999999645e+00 -1.330304890871047974e-03
2.199999999999999734e+00 -3.732332028448581696e-03
2.299999999999999822e+00 -2.994686830788850784e-03
2.399999999999999911e+00 1.446659152861684561e-04
2.500000000000000000e+00 -5.820957012474536896e-04
