1.000000000000000056e-01 9.874225258827209473e-01
2.000000000000000111e-01 9.687212109565734863e-01
2.999999999999999889e-01 9.381132125854492188e-01
4.000000000000000222e-01 9.075312018394470215e-01
5.000000000000000000e-01 8.764644265174865723e-01
5.999999999999999778e-01 8.415442705154418945e-01
6.999999999999999556e-01 8.012054562568664551e-01
7.999999999999999334e-01 7.532672286033630371e-01
8.999999999999999112e-01 6.901112794876098633e-01
9.999999999999998890e-01 5.959379076957702637e-01
1.099999999999999867e+00 4.296462535858154297e-01
1.199999999999999956e+00 2.510339319705963135e-01
1.300000000000000044e+00 1.362907737493515015e-01
1.399999999999999911e+00 7.844586670398712158e-02
1.500000000000000000e+00 1.999995857477188110e-02
1.599999999999999867e+00 7.879054173827171326e-03
1.699999999999999956e+00 2.205649216193705797e-04
1.800000000000000044e+00 7.296369411051273346e-03
1.899999999999999911e+00 -6.305457645794376731e-06
2.000000000000000000e+00 -8.633690886199474335e-03
2.099999999999999645e+00 -4.034899757243692875e-04
2.199999999999999734e+00 5.075278691947460175e-03
2.299999999999999822e+00 -2.691146219149231911e-03
2.399999999999999911e+00 5.206331261433660984e-04
2.500000000000000000e+00 -4.565294831991195679e-03
