1.000000000000000056e-01 9.908482432365417480e-01
2.000000000000000111e-01 9.675835967063903809e-01
2.999999999999999889e-01 9.361094832420349121e-01
4.000000000000000222e-01 9.054698348045349121e-01
5.000000000000000000e-01 8.742052912712097168e-01
5.999999999999999778e-01 8.390009999275207520e-01
6.999999999999999556e-01 7.973068356513977051e-01
7.999999999999999334e-01 7.414301037788391113e-01
8.999999999999999112e-01 -1.844303160905838013e-01
9.999999999999998890e-01 -1.519342064857482910e-01
1.099999999999999867e+00 -8.882218599319458008e-02
1.199999999999999956e+00 -1.679109781980514526e-02
1.300000000000000044e+00 -2.195526845753192902e-02
1.399999999999999911e+00 -8.759861811995506287e-03
1.500000000000000000e+00 -9.140632115304470062e-03
1.599999999999999867e+00 -8.968029171228408813e-03
1.699999999999999956e+00 -1.060122624039649963e-02
1.800000000000000044e+00 -1.345452573150396347e-02
1.899999999999999911e+00 2.355497417738661170e-04
2.000000000000000000e+00 -2.603331347927451134e-03
2.099999999999999645e+00 -2.816807478666305542e-03
2.199999999999999734e+00 -1.576925977133214474e-03
2.299999999999999822e+00 -4.173706751316785812e-03
2.399999999999999911e+00 -1.185136614367365837e-03
2.500000000000000000e+00 -2.879175881389528513e-04
