1.000000000000000056e-01 9.644498825073242188e-01
2.000000000000000111e-01 8.931035399436950684e-01
2.999999999999999889e-01 8.512117862701416016e-01
4.000000000000000222e-01 8.138102889060974121e-01
5.000000000000000000e-01 7.471315264701843262e-01
5.999999999999999778e-01 6.907044053077697754e-01
6.999999999999999556e-01 5.944575071334838867e-01
7.999999999999999334e-01 5.195531845092773438e-01
8.999999999999999112e-01 2.405655384063720703e-01
9.999999999999998890e-01 1.598673462867736816e-01
1.099999999999999867e+00 1.057285293936729431e-01
1.199999999999999956e+00 6.348539143800735474e-02
1.300000000000000044e+00 4.483558237552642822e-02
1.399999999999999911e+00 3.588881343603134155e-02
1.500000000000000000e+00 3.132063522934913635e-02
1.599999999999999867e+00 2.643088065087795258e-02
1.699999999999999956e+00 2.399371191859245300e-02
1.800000000000000044e+00 2.163051441311836243e-02
1.899999999999999911e+00 2.021668665111064911e-02
2.000000000000000000e+00 1.913921721279621124e-02
2.099999999999999645e+00 1.811361312866210938e-02
2.199999999999999734e+00 1.693367585539817810e-02
2.299999999999999822e+00 1.656313799321651459e-02
2.399999999999999911e+00 1.614104583859443665e-02
2.500000000000000000e+00 1.539076864719390869e-02
