1.000000000000000056e-01 3.961008548736572266e+00
2.000000000000000111e-01 1.830457687377929688e+00
2.999999999999999889e-01 1.090640187263488770e+00
4.000000000000000222e-01 8.619955182075500488e-01
5.000000000000000000e-01 8.702126741409301758e-01
5.999999999999999778e-01 9.163057804107666016e-01
6.999999999999999556e-01 1.083570241928100586e+00
7.999999999999999334e-01 1.641439437866210938e+00
8.999999999999999112e-01 2.768255710601806641e+00
9.999999999999998890e-01 1.482952690124511719e+01
1.099999999999999867e+00 1.387499237060546875e+01
1.199999999999999956e+00 8.716278076171875000e+00
1.300000000000000044e+00 4.797588825225830078e+00
1.399999999999999911e+00 2.484589338302612305e+00
1.500000000000000000e+00 1.709732055664062500e+00
1.599999999999999867e+00 1.204041004180908203e+00
1.699999999999999956e+00 9.330002665519714355e-01
1.800000000000000044e+00 7.464531660079956055e-01
1.899999999999999911e+00 5.927901864051818848e-01
2.000000000000000000e+00 5.157773494720458984e-01
2.099999999999999645e+00 4.414209127426147461e-01
2.199999999999999734e+00 3.803353607654571533e-01
2.299999999999999822e+00 3.283395469188690186e-01
2.399999999999999911e+00 3.014964461326599121e-01
2.500000000000000000e+00 2.682976126670837402e-01
