1.000000000000000056e-01 2.382447814941406250e+01
2.000000000000000111e-01 7.012438297271728516e+00
2.999999999999999889e-01 5.539995193481445312e+00
4.000000000000000222e-01 4.406037330627441406e+00
5.000000000000000000e-01 4.063425064086914062e+00
5.999999999999999778e-01 4.500598430633544922e+00
6.999999999999999556e-01 4.537782669067382812e+00
7.999999999999999334e-01 7.702165603637695312e+00
8.999999999999999112e-01 1.346302986145019531e+01
9.999999999999998890e-01 5.752781295776367188e+01
1.099999999999999867e+00 3.123675346374511719e+01
1.199999999999999956e+00 9.838556289672851562e+00
1.300000000000000044e+00 4.462055683135986328e+00
1.399999999999999911e+00 2.619269609451293945e+00
1.500000000000000000e+00 1.745082139968872070e+00
1.599999999999999867e+00 1.300006151199340820e+00
1.699999999999999956e+00 9.585046172142028809e-01
1.800000000000000044e+00 7.240794301033020020e-01
1.899999999999999911e+00 5.979465842247009277e-01
2.000000000000000000e+00 4.849390685558319092e-01
2.099999999999999645e+00 4.277941882610321045e-01
2.199999999999999734e+00 3.732097148895263672e-01
2.299999999999999822e+00 3.406182527542114258e-01
2.399999999999999911e+00 2.951706349849700928e-01
2.500000000000000000e+00 2.727056443691253662e-01
