1.000000000000000056e-01 -1.893923163414001465e+00
2.000000000000000111e-01 -1.872441887855529785e+00
2.999999999999999889e-01 -1.841222167015075684e+00
4.000000000000000222e-01 -1.798354268074035645e+00
5.000000000000000000e-01 -1.748463153839111328e+00
5.999999999999999778e-01 -1.693734169006347656e+00
6.999999999999999556e-01 -1.631963014602661133e+00
7.999999999999999334e-01 -1.562042474746704102e+00
8.999999999999999112e-01 -1.467591524124145508e+00
9.999999999999998890e-01 -1.355515599250793457e+00
1.099999999999999867e+00 -1.223994016647338867e+00
1.199999999999999956e+00 -1.097286462783813477e+00
1.300000000000000044e+00 -9.881235957145690918e-01
1.399999999999999911e+00 -8.965490460395812988e-01
1.500000000000000000e+00 -8.196413516998291016e-01
1.599999999999999867e+00 -7.554904818534851074e-01
1.699999999999999956e+00 -7.009035348892211914e-01
1.800000000000000044e+00 -6.536042094230651855e-01
1.899999999999999911e+00 -6.126756668090820312e-01
2.000000000000000000e+00 -5.764505267143249512e-01
2.099999999999999645e+00 -5.446335673332214355e-01
2.199999999999999734e+00 -5.161510109901428223e-01
2.299999999999999822e+00 -4.908321499824523926e-01
2.399999999999999911e+00 -4.676460623741149902e-01
2.500000000000000000e+00 -4.466679692268371582e-01
