1.000000000000000056e-01 -1.888721108436584473e+00
1.774193548387096864e-01 -1.882360100746154785e+00
2.548387096774193949e-01 -1.861927151679992676e+00
3.322580645161290480e-01 -1.834298610687255859e+00
4.096774193548387011e-01 -1.803143382072448730e+00
4.870967741935483541e-01 -1.766457080841064453e+00
5.645161290322581182e-01 -1.725372433662414551e+00
6.419354838709677713e-01 -1.680849432945251465e+00
7.193548387096774244e-01 -1.627042293548583984e+00
7.967741935483870774e-01 -1.577856898307800293e+00
8.741935483870967305e-01 -1.505426645278930664e+00
9.516129032258064946e-01 -1.432737708091735840e+00
1.029032258064516148e+00 -1.337720990180969238e+00
1.106451612903226023e+00 -1.233714222908020020e+00
1.183870967741935676e+00 -1.132194280624389648e+00
1.261290322580645329e+00 -1.039616703987121582e+00
1.338709677419354982e+00 -9.605776071548461914e-01
1.416129032258064635e+00 -8.914442658424377441e-01
1.493548387096774288e+00 -8.308889865875244141e-01
1.570967741935483941e+00 -7.785167694091796875e-01
1.648387096774193594e+00 -7.321270704269409180e-01
1.725806451612903469e+00 -6.914904713630676270e-01
1.803225806451613122e+00 -6.547933220863342285e-01
1.880645161290322775e+00 -6.223038434982299805e-01
1.958064516129032429e+00 -5.925465822219848633e-01
2.035483870967742082e+00 -5.664621591567993164e-01
2.112903225806451957e+00 -5.417194366455078125e-01
2.190322580645161388e+00 -5.198302865028381348e-01
2.267741935483871263e+00 -4.993797242641448975e-01
2.345161290322580694e+00 -4.804935455322265625e-01
2.422580645161290569e+00 -4.632919430732727051e-01
2.500000000000000000e+00 -4.471081197261810303e-01
