1.000000000000000056e-01 -1.891955494880676270e+00
2.000000000000000111e-01 -1.874053120613098145e+00
2.999999999999999889e-01 -1.840739488601684570e+00
4.000000000000000222e-01 -1.798800110816955566e+00
5.000000000000000000e-01 -1.751058101654052734e+00
5.999999999999999778e-01 -1.696260452270507812e+00
6.999999999999999556e-01 -1.635369658470153809e+00
7.999999999999999334e-01 -1.565880298614501953e+00
8.999999999999999112e-01 -1.483047366142272949e+00
9.999999999999998890e-01 -1.364668607711791992e+00
1.099999999999999867e+00 -1.225512862205505371e+00
1.199999999999999956e+00 -1.096751093864440918e+00
1.300000000000000044e+00 -9.877062439918518066e-01
1.399999999999999911e+00 -8.964022397994995117e-01
1.500000000000000000e+00 -8.192545175552368164e-01
1.599999999999999867e+00 -7.562534213066101074e-01
1.699999999999999956e+00 -7.004687786102294922e-01
1.800000000000000044e+00 -6.535977125167846680e-01
1.899999999999999911e+00 -6.125356554985046387e-01
2.000000000000000000e+00 -5.768225193023681641e-01
2.099999999999999645e+00 -5.450916290283203125e-01
2.199999999999999734e+00 -5.163130760192871094e-01
2.299999999999999822e+00 -4.904716014862060547e-01
2.399999999999999911e+00 -4.677281379699707031e-01
2.500000000000000000e+00 -4.471148848533630371e-01
