1.000000000000000056e-01 -1.898560047149658203e+00
2.000000000000000111e-01 -1.873551368713378906e+00
2.999999999999999889e-01 -1.841091036796569824e+00
4.000000000000000222e-01 -1.799942374229431152e+00
5.000000000000000000e-01 -1.751286506652832031e+00
5.999999999999999778e-01 -1.696666598320007324e+00
6.999999999999999556e-01 -1.635423302650451660e+00
7.999999999999999334e-01 -1.566431999206542969e+00
8.999999999999999112e-01 -1.484749078750610352e+00
9.999999999999998890e-01 -1.371009230613708496e+00
1.099999999999999867e+00 -1.235664963722229004e+00
1.199999999999999956e+00 -1.098090410232543945e+00
1.300000000000000044e+00 -9.874452352523803711e-01
1.399999999999999911e+00 -8.963903188705444336e-01
1.500000000000000000e+00 -8.200048208236694336e-01
1.599999999999999867e+00 -7.546915411949157715e-01
1.699999999999999956e+00 -7.011216282844543457e-01
1.800000000000000044e+00 -6.546331048011779785e-01
1.899999999999999911e+00 -6.117876768112182617e-01
2.000000000000000000e+00 -5.766982436180114746e-01
2.099999999999999645e+00 -5.445044040679931641e-01
2.199999999999999734e+00 -5.165278315544128418e-01
2.299999999999999822e+00 -4.901570379734039307e-01
2.399999999999999911e+00 -4.673510491847991943e-01
2.500000000000000000e+00 -4.477259516716003418e-01
