1.000000000000000056e-01 -1.899985671043395996e+00
2.000000000000000111e-01 -1.875859379768371582e+00
2.999999999999999889e-01 -1.843759417533874512e+00
4.000000000000000222e-01 -1.800559043884277344e+00
5.000000000000000000e-01 -1.753430724143981934e+00
5.999999999999999778e-01 -1.699984431266784668e+00
6.999999999999999556e-01 -1.638790607452392578e+00
7.999999999999999334e-01 -1.571003913879394531e+00
8.999999999999999112e-01 -1.493778228759765625e+00
9.999999999999998890e-01 -1.399801373481750488e+00
1.099999999999999867e+00 -1.276592373847961426e+00
1.199999999999999956e+00 -1.150751829147338867e+00
1.300000000000000044e+00 -1.020829677581787109e+00
1.399999999999999911e+00 -9.072316288948059082e-01
1.500000000000000000e+00 -8.255792260169982910e-01
1.599999999999999867e+00 -7.579334378242492676e-01
1.699999999999999956e+00 -7.016572952270507812e-01
1.800000000000000044e+00 -6.545210480690002441e-01
1.899999999999999911e+00 -6.122757196426391602e-01
2.000000000000000000e+00 -5.747467875480651855e-01
2.099999999999999645e+00 -5.455015897750854492e-01
2.199999999999999734e+00 -5.181401968002319336e-01
2.299999999999999822e+00 -4.914461076259613037e-01
2.399999999999999911e+00 -4.668540358543395996e-01
2.500000000000000000e+00 -4.461887776851654053e-01
