1.000000000000000056e-01 9.457105398178100586e-01
2.000000000000000111e-01 9.370815753936767578e-01
2.999999999999999889e-01 9.200211167335510254e-01
4.000000000000000222e-01 8.993228673934936523e-01
5.000000000000000000e-01 8.754100799560546875e-01
5.999999999999999778e-01 8.478525876998901367e-01
6.999999999999999556e-01 8.173281550407409668e-01
7.999999999999999334e-01 7.823282480239868164e-01
8.999999999999999112e-01 7.400081157684326172e-01
9.999999999999998890e-01 6.738445758819580078e-01
1.099999999999999867e+00 6.023544669151306152e-01
1.199999999999999956e+00 5.389453172683715820e-01
1.300000000000000044e+00 4.853663444519042969e-01
1.399999999999999911e+00 4.408460259437561035e-01
1.500000000000000000e+00 4.027669727802276611e-01
1.599999999999999867e+00 3.718404769897460938e-01
1.699999999999999956e+00 3.444856405258178711e-01
1.800000000000000044e+00 3.212986886501312256e-01
1.899999999999999911e+00 3.010263741016387939e-01
2.000000000000000000e+00 2.835423052310943604e-01
2.099999999999999645e+00 2.679640054702758789e-01
2.199999999999999734e+00 2.539124190807342529e-01
2.299999999999999822e+00 2.411732971668243408e-01
2.399999999999999911e+00 2.298229932785034180e-01
2.500000000000000000e+00 2.198313474655151367e-01
