1.000000000000000056e-01 -6.399194240570068359e+00
1.774193548387096864e-01 9.397392272949218750e-01
2.548387096774193949e-01 9.294191598892211914e-01
3.322580645161290480e-01 9.141441583633422852e-01
4.096774193548387011e-01 8.977724909782409668e-01
4.870967741935483541e-01 8.771203160285949707e-01
5.645161290322581182e-01 8.532205820083618164e-01
6.419354838709677713e-01 8.257709145545959473e-01
7.193548387096774244e-01 -2.614099311828613281e+01
7.967741935483870774e-01 7.520805597305297852e-01
8.741935483870967305e-01 -4.435034751892089844e+00
9.516129032258064946e-01 -5.533012151718139648e-01
1.029032258064516148e+00 -1.424642503261566162e-01
1.106451612903226023e+00 -6.546358019113540649e-02
1.183870967741935676e+00 -1.306843291968107224e-02
1.261290322580645329e+00 -1.262242347002029419e-02
1.338709677419354982e+00 3.084301250055432320e-03
1.416129032258064635e+00 -1.007407438009977341e-03
1.493548387096774288e+00 -1.157720806077122688e-03
1.570967741935483941e+00 -5.788188427686691284e-03
1.648387096774193594e+00 -8.521965704858303070e-03
1.725806451612903469e+00 -6.697498029097914696e-04
1.803225806451613122e+00 1.577227259986102581e-03
1.880645161290322775e+00 -7.685685064643621445e-03
1.958064516129032429e+00 -4.115466028451919556e-03
2.035483870967742082e+00 -4.400262143462896347e-03
2.112903225806451957e+00 1.637894078157842159e-03
2.190322580645161388e+00 3.111684927716851234e-04
2.267741935483871263e+00 1.583816017955541611e-03
2.345161290322580694e+00 -2.961775055155158043e-03
2.422580645161290569e+00 1.404586801072582603e-04
2.500000000000000000e+00 -4.332555981818586588e-04
