1.000000000000000056e-01 9.466325640678405762e-01
2.000000000000000111e-01 9.282543063163757324e-01
2.999999999999999889e-01 9.205938577651977539e-01
4.000000000000000222e-01 8.991060256958007812e-01
5.000000000000000000e-01 8.523895740509033203e-01
5.999999999999999778e-01 3.695543110370635986e-01
6.999999999999999556e-01 4.453760683536529541e-01
7.999999999999999334e-01 7.659578919410705566e-01
8.999999999999999112e-01 7.162211537361145020e-01
9.999999999999998890e-01 6.690570712089538574e-01
1.099999999999999867e+00 6.055693030357360840e-01
1.199999999999999956e+00 5.427490472793579102e-01
1.300000000000000044e+00 4.889300465583801270e-01
1.399999999999999911e+00 4.436443746089935303e-01
1.500000000000000000e+00 4.056000709533691406e-01
1.599999999999999867e+00 3.739013969898223877e-01
1.699999999999999956e+00 3.469393849372863770e-01
1.800000000000000044e+00 3.235423266887664795e-01
1.899999999999999911e+00 3.032997250556945801e-01
2.000000000000000000e+00 2.853409349918365479e-01
2.099999999999999645e+00 2.695965766906738281e-01
2.199999999999999734e+00 2.554693818092346191e-01
2.299999999999999822e+00 2.428715229034423828e-01
2.399999999999999911e+00 2.313701957464218140e-01
2.500000000000000000e+00 2.210257202386856079e-01
