1.000000000000000056e-01 9.467158317565917969e-01
1.774193548387096864e-01 9.405637979507446289e-01
2.548387096774193949e-01 9.309075474739074707e-01
3.322580645161290480e-01 9.173218607902526855e-01
4.096774193548387011e-01 8.988844156265258789e-01
4.870967741935483541e-01 8.783216476440429688e-01
5.645161290322581182e-01 8.546761274337768555e-01
6.419354838709677713e-01 8.295948505401611328e-01
7.193548387096774244e-01 7.979109883308410645e-01
7.967741935483870774e-01 7.637107372283935547e-01
8.741935483870967305e-01 7.178584933280944824e-01
9.516129032258064946e-01 6.514002680778503418e-01
1.029032258064516148e+00 5.569151639938354492e-01
1.106451612903226023e+00 4.420141875743865967e-01
1.183870967741935676e+00 3.238412141799926758e-01
1.261290322580645329e+00 1.868812441825866699e-01
1.338709677419354982e+00 1.208135187625885010e-01
1.416129032258064635e+00 4.500864073634147644e-02
1.493548387096774288e+00 2.558113634586334229e-02
1.570967741935483941e+00 2.084138337522745132e-03
1.648387096774193594e+00 1.081526093184947968e-02
1.725806451612903469e+00 -2.561957109719514847e-03
1.803225806451613122e+00 -3.376508364453911781e-03
1.880645161290322775e+00 2.385032596066594124e-03
1.958064516129032429e+00 -4.393409471958875656e-03
2.035483870967742082e+00 1.336052082479000092e-03
2.112903225806451957e+00 8.677302394062280655e-04
2.190322580645161388e+00 -1.664781826548278332e-03
2.267741935483871263e+00 -1.204259926453232765e-03
2.345161290322580694e+00 1.136667677201330662e-03
2.422580645161290569e+00 -5.626105237752199173e-03
2.500000000000000000e+00 -2.870147349312901497e-03
