1.000000000000000056e-01 9.489492177963256836e-01
2.000000000000000111e-01 9.372131228446960449e-01
2.999999999999999889e-01 9.203388690948486328e-01
4.000000000000000222e-01 9.001841545104980469e-01
5.000000000000000000e-01 8.753706812858581543e-01
5.999999999999999778e-01 8.479655981063842773e-01
6.999999999999999556e-01 8.169074654579162598e-01
7.999999999999999334e-01 7.820413112640380859e-01
8.999999999999999112e-01 7.397036552429199219e-01
9.999999999999998890e-01 6.731776595115661621e-01
1.099999999999999867e+00 6.005846858024597168e-01
1.199999999999999956e+00 5.311460494995117188e-01
1.300000000000000044e+00 4.770904779434204102e-01
1.399999999999999911e+00 4.334403276443481445e-01
1.500000000000000000e+00 3.961352109909057617e-01
1.599999999999999867e+00 3.652249276638031006e-01
1.699999999999999956e+00 3.387281894683837891e-01
1.800000000000000044e+00 3.163130581378936768e-01
1.899999999999999911e+00 2.956848740577697754e-01
2.000000000000000000e+00 2.785777151584625244e-01
2.099999999999999645e+00 2.632351517677307129e-01
2.199999999999999734e+00 2.498066127300262451e-01
2.299999999999999822e+00 2.370456755161285400e-01
2.399999999999999911e+00 2.258749753236770630e-01
2.500000000000000000e+00 2.165210992097854614e-01
