1.000000000000000056e-01 9.497350454330444336e-01
2.000000000000000111e-01 9.383498430252075195e-01
2.999999999999999889e-01 9.219521880149841309e-01
4.000000000000000222e-01 8.998192548751831055e-01
5.000000000000000000e-01 8.756740689277648926e-01
5.999999999999999778e-01 8.488020300865173340e-01
6.999999999999999556e-01 8.173751831054687500e-01
7.999999999999999334e-01 7.822399139404296875e-01
8.999999999999999112e-01 7.406432628631591797e-01
9.999999999999998890e-01 6.899992227554321289e-01
1.099999999999999867e+00 6.180136203765869141e-01
1.199999999999999956e+00 5.446837544441223145e-01
1.300000000000000044e+00 4.728866219520568848e-01
1.399999999999999911e+00 4.147942364215850830e-01
1.500000000000000000e+00 3.747069239616394043e-01
1.599999999999999867e+00 3.424609303474426270e-01
1.699999999999999956e+00 3.149444758892059326e-01
1.800000000000000044e+00 2.945007383823394775e-01
1.899999999999999911e+00 2.760197520256042480e-01
2.000000000000000000e+00 2.583304643630981445e-01
2.099999999999999645e+00 2.447292804718017578e-01
2.199999999999999734e+00 2.325548976659774780e-01
2.299999999999999822e+00 2.203246504068374634e-01
2.399999999999999911e+00 2.097977548837661743e-01
2.500000000000000000e+00 2.010774761438369751e-01
