1.000000000000000056e-01 9.454873800277709961e-01
1.774193548387096864e-01 9.398226141929626465e-01
2.548387096774193949e-01 9.291869997978210449e-01
3.322580645161290480e-01 9.152011871337890625e-01
4.096774193548387011e-01 8.974750041961669922e-01
4.870967741935483541e-01 8.772445321083068848e-01
5.645161290322581182e-01 8.537344932556152344e-01
6.419354838709677713e-01 8.267394900321960449e-01
7.193548387096774244e-01 7.948050498962402344e-01
7.967741935483870774e-01 7.569746971130371094e-01
8.741935483870967305e-01 7.019761800765991211e-01
9.516129032258064946e-01 4.978993237018585205e-01
1.029032258064516148e+00 1.677910089492797852e-01
1.106451612903226023e+00 -1.829602010548114777e-02
1.183870967741935676e+00 -4.167311638593673706e-02
1.261290322580645329e+00 7.630258798599243164e-03
1.338709677419354982e+00 -9.500931017100811005e-03
1.416129032258064635e+00 -9.150612168014049530e-03
1.493548387096774288e+00 -1.144951488822698593e-02
1.570967741935483941e+00 -5.999500397592782974e-03
1.648387096774193594e+00 -6.336102262139320374e-03
1.725806451612903469e+00 -6.274185609072446823e-03
1.803225806451613122e+00 2.669262699782848358e-03
1.880645161290322775e+00 -2.433570800349116325e-03
1.958064516129032429e+00 -1.448701717890799046e-03
2.035483870967742082e+00 -4.352632444351911545e-03
2.112903225806451957e+00 5.081222625449299812e-04
2.190322580645161388e+00 -1.389219774864614010e-03
2.267741935483871263e+00 -2.120202407240867615e-03
2.345161290322580694e+00 1.657324959523975849e-03
2.422580645161290569e+00 1.633186941035091877e-03
2.500000000000000000e+00 4.654981661587953568e-03
