1.000000000000000056e-01 9.411661028861999512e-01
2.000000000000000111e-01 9.419136047363281250e-01
2.999999999999999889e-01 9.322389960289001465e-01
4.000000000000000222e-01 9.155095815658569336e-01
5.000000000000000000e-01 8.958442211151123047e-01
5.999999999999999778e-01 8.735281229019165039e-01
6.999999999999999556e-01 8.460586071014404297e-01
7.999999999999999334e-01 8.159058094024658203e-01
8.999999999999999112e-01 7.791584134101867676e-01
9.999999999999998890e-01 7.302449345588684082e-01
1.099999999999999867e+00 6.451487541198730469e-01
1.199999999999999956e+00 5.507680177688598633e-01
1.300000000000000044e+00 4.488080441951751709e-01
1.399999999999999911e+00 3.605453073978424072e-01
1.500000000000000000e+00 3.064930438995361328e-01
1.599999999999999867e+00 2.685469388961791992e-01
1.699999999999999956e+00 2.381798028945922852e-01
1.800000000000000044e+00 2.207354754209518433e-01
1.899999999999999911e+00 2.016514390707015991e-01
2.000000000000000000e+00 1.892929524183273315e-01
2.099999999999999645e+00 1.819884330034255981e-01
2.199999999999999734e+00 1.754437237977981567e-01
2.299999999999999822e+00 1.643235087394714355e-01
2.399999999999999911e+00 1.570850908756256104e-01
2.500000000000000000e+00 1.557178646326065063e-01
