1.000000000000000056e-01 2.478170394897460938e-01
1.774193548387096864e-01 4.939889609813690186e-01
2.548387096774193949e-01 7.773559689521789551e-01
3.322580645161290480e-01 6.648648977279663086e-01
4.096774193548387011e-01 8.071233034133911133e-01
4.870967741935483541e-01 7.956774234771728516e-01
5.645161290322581182e-01 6.693131923675537109e-01
6.419354838709677713e-01 6.273937821388244629e-01
7.193548387096774244e-01 1.736930757761001587e-01
7.967741935483870774e-01 4.995233416557312012e-01
8.741935483870967305e-01 2.229656726121902466e-01
9.516129032258064946e-01 2.246244400739669800e-01
1.029032258064516148e+00 1.644903570413589478e-01
1.106451612903226023e+00 1.238867565989494324e-01
1.183870967741935676e+00 7.244592905044555664e-02
1.261290322580645329e+00 5.372973158955574036e-02
1.338709677419354982e+00 4.300264269113540649e-02
1.416129032258064635e+00 3.540619462728500366e-02
1.493548387096774288e+00 2.982251904904842377e-02
1.570967741935483941e+00 2.802245132625102997e-02
1.648387096774193594e+00 2.542425133287906647e-02
1.725806451612903469e+00 2.329642139375209808e-02
1.803225806451613122e+00 2.188595756888389587e-02
1.880645161290322775e+00 2.059330046176910400e-02
1.958064516129032429e+00 1.941180601716041565e-02
2.035483870967742082e+00 1.891091279685497284e-02
2.112903225806451957e+00 1.803850010037422180e-02
2.190322580645161388e+00 1.731688156723976135e-02
2.267741935483871263e+00 1.686856709420681000e-02
2.345161290322580694e+00 1.642561517655849457e-02
2.422580645161290569e+00 1.559220906347036362e-02
2.500000000000000000e+00 1.539368275552988052e-02
