1.000000000000000056e-01 8.864557743072509766e-01
2.000000000000000111e-01 9.076077342033386230e-01
2.999999999999999889e-01 8.969542384147644043e-01
4.000000000000000222e-01 8.806084394454956055e-01
5.000000000000000000e-01 8.543410301208496094e-01
5.999999999999999778e-01 8.208649754524230957e-01
6.999999999999999556e-01 7.851350903511047363e-01
7.999999999999999334e-01 7.454477548599243164e-01
8.999999999999999112e-01 6.873906254768371582e-01
9.999999999999998890e-01 5.381904244422912598e-01
1.099999999999999867e+00 3.811838328838348389e-01
1.199999999999999956e+00 2.213178873062133789e-01
1.300000000000000044e+00 1.587687134742736816e-01
1.399999999999999911e+00 1.206379309296607971e-01
1.500000000000000000e+00 1.029857918620109558e-01
1.599999999999999867e+00 8.717647194862365723e-02
1.699999999999999956e+00 8.063030987977981567e-02
1.800000000000000044e+00 7.399378716945648193e-02
1.899999999999999911e+00 6.751874089241027832e-02
2.000000000000000000e+00 6.284113973379135132e-02
2.099999999999999645e+00 6.094567477703094482e-02
2.199999999999999734e+00 5.818756669759750366e-02
2.299999999999999822e+00 5.467966198921203613e-02
2.399999999999999911e+00 5.311474576592445374e-02
2.500000000000000000e+00 5.129046738147735596e-02
