1.000000000000000056e-01 6.887671351432800293e-01
2.000000000000000111e-01 5.928191542625427246e-01
2.999999999999999889e-01 7.822760939598083496e-01
4.000000000000000222e-01 7.791070342063903809e-01
5.000000000000000000e-01 5.786176323890686035e-01
5.999999999999999778e-01 1.908769160509109497e-01
6.999999999999999556e-01 2.100089043378829956e-01
7.999999999999999334e-01 4.584451913833618164e-01
8.999999999999999112e-01 1.827106475830078125e-01
9.999999999999998890e-01 1.545147299766540527e-01
1.099999999999999867e+00 1.014382094144821167e-01
1.199999999999999956e+00 6.501211225986480713e-02
1.300000000000000044e+00 4.876817390322685242e-02
1.399999999999999911e+00 3.543470054864883423e-02
1.500000000000000000e+00 3.074232116341590881e-02
1.599999999999999867e+00 2.618597634136676788e-02
1.699999999999999956e+00 2.386402338743209839e-02
1.800000000000000044e+00 2.187387272715568542e-02
1.899999999999999911e+00 2.017318084836006165e-02
2.000000000000000000e+00 1.923294551670551300e-02
2.099999999999999645e+00 1.785406470298767090e-02
2.199999999999999734e+00 1.704964786767959595e-02
2.299999999999999822e+00 1.655231043696403503e-02
2.399999999999999911e+00 1.584064029157161713e-02
2.500000000000000000e+00 1.557729579508304596e-02
