1.000000000000000056e-01 6.468337774276733398e-01
2.000000000000000111e-01 8.341913819313049316e-01
2.999999999999999889e-01 8.349456191062927246e-01
4.000000000000000222e-01 8.394376039505004883e-01
5.000000000000000000e-01 8.295685648918151855e-01
5.999999999999999778e-01 7.859036922454833984e-01
6.999999999999999556e-01 7.493712306022644043e-01
7.999999999999999334e-01 6.937623620033264160e-01
8.999999999999999112e-01 6.251581907272338867e-01
9.999999999999998890e-01 4.069459438323974609e-01
1.099999999999999867e+00 1.766055077314376831e-01
1.199999999999999956e+00 1.034663468599319458e-01
1.300000000000000044e+00 7.603312283754348755e-02
1.399999999999999911e+00 6.054314970970153809e-02
1.500000000000000000e+00 5.089241638779640198e-02
1.599999999999999867e+00 4.450126364827156067e-02
1.699999999999999956e+00 3.875435143709182739e-02
1.800000000000000044e+00 3.587175905704498291e-02
1.899999999999999911e+00 3.378415107727050781e-02
2.000000000000000000e+00 3.156602382659912109e-02
2.099999999999999645e+00 2.970921434462070465e-02
2.199999999999999734e+00 2.867970056831836700e-02
2.299999999999999822e+00 2.762165479362010956e-02
2.399999999999999911e+00 2.635201811790466309e-02
2.500000000000000000e+00 2.555535919964313507e-02
