1.000000000000000056e-01 4.894026219844818115e-01
1.774193548387096864e-01 1.414895802736282349e-01
2.548387096774193949e-01 7.375198602676391602e-02
3.322580645161290480e-01 7.243319600820541382e-02
4.096774193548387011e-01 9.132651239633560181e-02
4.870967741935483541e-01 9.598270803689956665e-02
5.645161290322581182e-01 1.245612129569053650e-01
6.419354838709677713e-01 1.534821242094039917e-01
7.193548387096774244e-01 1.828610897064208984e-01
7.967741935483870774e-01 2.125957310199737549e-01
8.741935483870967305e-01 2.952715456485748291e-01
9.516129032258064946e-01 5.204501152038574219e-01
1.029032258064516148e+00 9.734442234039306641e-01
1.106451612903226023e+00 1.114296078681945801e+00
1.183870967741935676e+00 1.758447170257568359e+00
1.261290322580645329e+00 2.195649623870849609e+00
1.338709677419354982e+00 2.047958135604858398e+00
1.416129032258064635e+00 1.607046604156494141e+00
1.493548387096774288e+00 1.411199569702148438e+00
1.570967741935483941e+00 1.112872123718261719e+00
1.648387096774193594e+00 9.788484573364257812e-01
1.725806451612903469e+00 7.878841757774353027e-01
1.803225806451613122e+00 6.908292770385742188e-01
1.880645161290322775e+00 6.008535027503967285e-01
1.958064516129032429e+00 5.139985680580139160e-01
2.035483870967742082e+00 4.520878791809082031e-01
2.112903225806451957e+00 4.286247193813323975e-01
2.190322580645161388e+00 3.761456608772277832e-01
2.267741935483871263e+00 3.281263113021850586e-01
2.345161290322580694e+00 3.103172183036804199e-01
2.422580645161290569e+00 2.869014441967010498e-01
2.500000000000000000e+00 2.533628344535827637e-01
