1.000000000000000056e-01 1.152569890022277832e+00
2.000000000000000111e-01 5.735849380493164062e+00
2.999999999999999889e-01 4.503234326839447021e-01
4.000000000000000222e-01 1.929004490375518799e-01
5.000000000000000000e-01 4.839189529418945312e+00
5.999999999999999778e-01 6.112337112426757812e-01
6.999999999999999556e-01 5.601081848144531250e-01
7.999999999999999334e-01 1.219047427177429199e+00
8.999999999999999112e-01 7.580494284629821777e-01
9.999999999999998890e-01 6.411657929420471191e-01
1.099999999999999867e+00 2.749449312686920166e-01
1.199999999999999956e+00 1.011809185147285461e-01
1.300000000000000044e+00 5.174608901143074036e-02
1.399999999999999911e+00 2.780521474778652191e-02
1.500000000000000000e+00 1.757257059216499329e-02
1.599999999999999867e+00 1.230283919721841812e-02
1.699999999999999956e+00 9.851916693150997162e-03
1.800000000000000044e+00 7.517144083976745605e-03
1.899999999999999911e+00 5.935506429523229599e-03
2.000000000000000000e+00 5.233693402260541916e-03
2.099999999999999645e+00 4.339270759373903275e-03
2.199999999999999734e+00 3.727485192939639091e-03
2.299999999999999822e+00 3.354547312483191490e-03
2.399999999999999911e+00 2.915884600952267647e-03
2.500000000000000000e+00 2.709159161895513535e-03
