1.000000000000000056e-01 1.309702873229980469e+00
2.000000000000000111e-01 2.568294405937194824e-01
2.999999999999999889e-01 1.626234054565429688e-01
4.000000000000000222e-01 8.877015858888626099e-02
5.000000000000000000e-01 4.913895949721336365e-02
5.999999999999999778e-01 6.456491351127624512e-02
6.999999999999999556e-01 6.911939382553100586e-02
7.999999999999999334e-01 1.447143554687500000e-01
8.999999999999999112e-01 1.368881911039352417e-01
9.999999999999998890e-01 6.669689416885375977e-01
1.099999999999999867e+00 3.634488284587860107e-01
1.199999999999999956e+00 1.517294198274612427e-01
1.300000000000000044e+00 7.578403502702713013e-02
1.399999999999999911e+00 4.695613682270050049e-02
1.500000000000000000e+00 3.031972423195838928e-02
1.599999999999999867e+00 2.018242329359054565e-02
1.699999999999999956e+00 1.554301753640174866e-02
1.800000000000000044e+00 1.225742418318986893e-02
1.899999999999999911e+00 1.036288682371377945e-02
2.000000000000000000e+00 8.570398204028606415e-03
2.099999999999999645e+00 7.091863080859184265e-03
2.199999999999999734e+00 6.294910795986652374e-03
2.299999999999999822e+00 5.625027231872081757e-03
2.399999999999999911e+00 4.846205003559589386e-03
2.500000000000000000e+00 4.444820340722799301e-03
