1.000000000000000056e-01 5.491687622070312500e+02
1.774193548387096864e-01 1.364719696044921875e+02
2.548387096774193949e-01 3.350916290283203125e+01
3.322580645161290480e-01 9.087816619873046875e+01
4.096774193548387011e-01 2.094386291503906250e+01
4.870967741935483541e-01 1.382769966125488281e+01
5.645161290322581182e-01 3.660322952270507812e+01
6.419354838709677713e-01 4.237503814697265625e+01
7.193548387096774244e-01 7.906845092773437500e+01
7.967741935483870774e-01 6.284569931030273438e+01
8.741935483870967305e-01 1.194687805175781250e+02
9.516129032258064946e-01 1.361852416992187500e+02
1.029032258064516148e+00 4.903036117553710938e+01
1.106451612903226023e+00 3.414864730834960938e+01
1.183870967741935676e+00 1.330583572387695312e+01
1.261290322580645329e+00 6.264860153198242188e+00
1.338709677419354982e+00 4.273346424102783203e+00
1.416129032258064635e+00 2.452690124511718750e+00
1.493548387096774288e+00 1.720414400100708008e+00
1.570967741935483941e+00 1.382795810699462891e+00
1.648387096774193594e+00 1.151327013969421387e+00
1.725806451612903469e+00 8.797144293785095215e-01
1.803225806451613122e+00 7.534278035163879395e-01
1.880645161290322775e+00 6.456490159034729004e-01
1.958064516129032429e+00 5.552803874015808105e-01
2.035483870967742082e+00 4.871169328689575195e-01
2.112903225806451957e+00 4.245811998844146729e-01
2.190322580645161388e+00 3.819828331470489502e-01
2.267741935483871263e+00 3.623819947242736816e-01
2.345161290322580694e+00 3.192176222801208496e-01
2.422580645161290569e+00 2.899684011936187744e-01
2.500000000000000000e+00 2.711840867996215820e-01
