1.000000000000000056e-01 2.251424938440322876e-01
2.000000000000000111e-01 4.612034931778907776e-02
2.999999999999999889e-01 3.542951866984367371e-02
4.000000000000000222e-01 2.452069707214832306e-02
5.000000000000000000e-01 2.914890833199024200e-02
5.999999999999999778e-01 3.239427134394645691e-02
6.999999999999999556e-01 4.282341897487640381e-02
7.999999999999999334e-01 5.191035196185112000e-02
8.999999999999999112e-01 7.977072149515151978e-02
9.999999999999998890e-01 4.951074421405792236e-01
1.099999999999999867e+00 4.482194185256958008e-01
1.199999999999999956e+00 2.894423604011535645e-01
1.300000000000000044e+00 1.411282569169998169e-01
1.399999999999999911e+00 8.415766060352325439e-02
1.500000000000000000e+00 5.533394217491149902e-02
1.599999999999999867e+00 4.070376604795455933e-02
1.699999999999999956e+00 3.251759707927703857e-02
1.800000000000000044e+00 2.470023743808269501e-02
1.899999999999999911e+00 2.044422924518585205e-02
2.000000000000000000e+00 1.702274382114410400e-02
2.099999999999999645e+00 1.509847026318311691e-02
2.199999999999999734e+00 1.308424957096576691e-02
2.299999999999999822e+00 1.083410903811454773e-02
2.399999999999999911e+00 9.930128231644630432e-03
2.500000000000000000e+00 8.895073086023330688e-03
