1.000000000000000056e-01 2.973330579698085785e-02
2.000000000000000111e-01 1.025442499667406082e-02
2.999999999999999889e-01 8.022853173315525055e-03
4.000000000000000222e-01 9.109342470765113831e-03
5.000000000000000000e-01 1.133308932185173035e-02
5.999999999999999778e-01 1.379614975303411484e-02
6.999999999999999556e-01 1.825333200395107269e-02
7.999999999999999334e-01 2.370129898190498352e-02
8.999999999999999112e-01 3.717307746410369873e-02
9.999999999999998890e-01 5.614259466528892517e-02
1.099999999999999867e+00 1.386555433273315430e-01
1.199999999999999956e+00 2.033866494894027710e-01
1.300000000000000044e+00 2.059304118156433105e-01
1.399999999999999911e+00 1.816714257001876831e-01
1.500000000000000000e+00 1.381505280733108521e-01
1.599999999999999867e+00 1.081120744347572327e-01
1.699999999999999956e+00 8.236359059810638428e-02
1.800000000000000044e+00 7.118358463048934937e-02
1.899999999999999911e+00 5.779985338449478149e-02
2.000000000000000000e+00 4.636299610137939453e-02
2.099999999999999645e+00 4.280349612236022949e-02
2.199999999999999734e+00 3.729781880974769592e-02
2.299999999999999822e+00 3.218374028801918030e-02
2.399999999999999911e+00 2.730737812817096710e-02
2.500000000000000000e+00 2.710036747157573700e-02
