1.000000000000000056e-01 -1.971042037010192871e+00
1.774193548387096864e-01 -1.961798429489135742e+00
2.548387096774193949e-01 -1.912843585014343262e+00
3.322580645161290480e-01 -1.865776896476745605e+00
4.096774193548387011e-01 -1.821751952171325684e+00
4.870967741935483541e-01 -1.778231501579284668e+00
5.645161290322581182e-01 -1.733753919601440430e+00
6.419354838709677713e-01 -1.686828374862670898e+00
7.193548387096774244e-01 -1.636494278907775879e+00
7.967741935483870774e-01 -1.582177162170410156e+00
8.741935483870967305e-01 -1.520940661430358887e+00
9.516129032258064946e-01 -1.450562953948974609e+00
1.029032258064516148e+00 -1.356332898139953613e+00
1.106451612903226023e+00 -1.238685727119445801e+00
1.183870967741935676e+00 -1.134587049484252930e+00
1.261290322580645329e+00 -1.038734912872314453e+00
1.338709677419354982e+00 -9.616249203681945801e-01
1.416129032258064635e+00 -8.912075161933898926e-01
1.493548387096774288e+00 -8.297294974327087402e-01
1.570967741935483941e+00 -7.777509689331054688e-01
1.648387096774193594e+00 -7.335901856422424316e-01
1.725806451612903469e+00 -6.922063827514648438e-01
1.803225806451613122e+00 -6.552232503890991211e-01
1.880645161290322775e+00 -6.227626204490661621e-01
1.958064516129032429e+00 -5.924566388130187988e-01
2.035483870967742082e+00 -5.659918785095214844e-01
2.112903225806451957e+00 -5.423239469528198242e-01
2.190322580645161388e+00 -5.198605656623840332e-01
2.267741935483871263e+00 -4.998316466808319092e-01
2.345161290322580694e+00 -4.803464412689208984e-01
2.422580645161290569e+00 -4.629665911197662354e-01
2.500000000000000000e+00 -4.468572735786437988e-01
