1.000000000000000056e-01 -1.975026726722717285e+00
1.774193548387096864e-01 -1.961981892585754395e+00
2.548387096774193949e-01 -1.912358760833740234e+00
3.322580645161290480e-01 -1.865411877632141113e+00
4.096774193548387011e-01 -1.821560382843017578e+00
4.870967741935483541e-01 -1.777973651885986328e+00
5.645161290322581182e-01 -1.733324050903320312e+00
6.419354838709677713e-01 -1.686311960220336914e+00
7.193548387096774244e-01 -1.635977983474731445e+00
7.967741935483870774e-01 -1.581246018409729004e+00
8.741935483870967305e-01 -1.519935846328735352e+00
9.516129032258064946e-01 -1.434326410293579102e+00
1.029032258064516148e+00 -1.340262055397033691e+00
1.106451612903226023e+00 -1.235084056854248047e+00
1.183870967741935676e+00 -1.132530570030212402e+00
1.261290322580645329e+00 -1.040383338928222656e+00
1.338709677419354982e+00 -9.598683714866638184e-01
1.416129032258064635e+00 -8.907761573791503906e-01
1.493548387096774288e+00 -8.308385014533996582e-01
1.570967741935483941e+00 -7.784304618835449219e-01
1.648387096774193594e+00 -7.322115302085876465e-01
1.725806451612903469e+00 -6.910353899002075195e-01
1.803225806451613122e+00 -6.548490524291992188e-01
1.880645161290322775e+00 -6.224909424781799316e-01
1.958064516129032429e+00 -5.927357673645019531e-01
2.035483870967742082e+00 -5.660968422889709473e-01
2.112903225806451957e+00 -5.420687794685363770e-01
2.190322580645161388e+00 -5.196964144706726074e-01
2.267741935483871263e+00 -4.993118047714233398e-01
2.345161290322580694e+00 -4.801751077175140381e-01
2.422580645161290569e+00 -4.629777371883392334e-01
2.500000000000000000e+00 -4.463926255702972412e-01
