1.000000000000000056e-01 9.876257181167602539e-01
1.774193548387096864e-01 9.811093807220458984e-01
2.548387096774193949e-01 9.560834169387817383e-01
3.322580645161290480e-01 9.320145249366760254e-01
4.096774193548387011e-01 9.086505174636840820e-01
4.870967741935483541e-01 8.844385743141174316e-01
5.645161290322581182e-01 8.581547141075134277e-01
6.419354838709677713e-01 8.291190266609191895e-01
7.193548387096774244e-01 7.954996228218078613e-01
7.967741935483870774e-01 7.535331249237060547e-01
8.741935483870967305e-01 5.620426535606384277e-01
9.516129032258064946e-01 3.059150874614715576e-01
1.029032258064516148e+00 -0.171150326728820801e-01
1.106451612903226023e+00 -0.193299144506454468e-01
1.183870967741935676e+00 -2.899033576250076294e-02
1.261290322580645329e+00 -3.363335132598876953e-02
1.338709677419354982e+00 -9.072427637875080109e-03
1.416129032258064635e+00 -1.543395314365625381e-02
1.493548387096774288e+00 -1.350736897438764572e-02
1.570967741935483941e+00 -2.872415352612733841e-03
1.648387096774193594e+00 -4.207379650324583054e-03
1.725806451612903469e+00 -4.205281846225261688e-03
1.803225806451613122e+00 -8.586809271946549416e-04
1.880645161290322775e+00 2.175629371777176857e-03
1.958064516129032429e+00 5.301939323544502258e-03
2.035483870967742082e+00 -2.340368693694472313e-03
2.112903225806451957e+00 2.645809669047594070e-03
2.190322580645161388e+00 2.956253010779619217e-03
2.267741935483871263e+00 3.354712156578898430e-03
2.345161290322580694e+00 4.442484641913324594e-04
2.422580645161290569e+00 -4.901192616671323776e-03
2.500000000000000000e+00 -3.665515760076232255e-05
