1.000000000000000056e-01 9.764586687088012695e-01
1.774193548387096864e-01 9.815780520439147949e-01
2.548387096774193949e-01 9.576389789581298828e-01
3.322580645161290480e-01 9.340057373046875000e-01
4.096774193548387011e-01 9.101752638816833496e-01
4.870967741935483541e-01 8.861873745918273926e-01
5.645161290322581182e-01 8.603916168212890625e-01
6.419354838709677713e-01 8.320405483245849609e-01
7.193548387096774244e-01 8.022286891937255859e-01
7.967741935483870774e-01 7.627006173133850098e-01
8.741935483870967305e-01 7.194039225578308105e-01
9.516129032258064946e-01 6.562814116477966309e-01
1.029032258064516148e+00 5.709878206253051758e-01
1.106451612903226023e+00 4.637450575828552246e-01
1.183870967741935676e+00 3.312023282051086426e-01
1.261290322580645329e+00 1.971055865287780762e-01
1.338709677419354982e+00 1.190653592348098755e-01
1.416129032258064635e+00 4.522836580872535706e-02
1.493548387096774288e+00 2.166736498475074768e-02
1.570967741935483941e+00 1.853959076106548309e-02
1.648387096774193594e+00 5.474715959280729294e-03
1.725806451612903469e+00 1.075547654181718826e-03
1.803225806451613122e+00 1.143316971138119698e-03
1.880645161290322775e+00 -3.320339368656277657e-03
1.958064516129032429e+00 -3.014023881405591965e-03
2.035483870967742082e+00 -5.429680459201335907e-04
2.112903225806451957e+00 -6.415222305804491043e-04
2.190322580645161388e+00 -2.201521274400874972e-04
2.267741935483871263e+00 -7.019438198767602444e-04
2.345161290322580694e+00 9.120260365307331085e-04
2.422580645161290569e+00 5.230883834883570671e-04
2.500000000000000000e+00 -6.073009222745895386e-03
