1.000000000000000056e-01 9.771162867546081543e-01
1.774193548387096864e-01 9.397552013397216797e-01
2.548387096774193949e-01 8.977501988410949707e-01
3.322580645161290480e-01 8.724656105041503906e-01
4.096774193548387011e-01 8.564921021461486816e-01
4.870967741935483541e-01 8.321860432624816895e-01
5.645161290322581182e-01 8.091166019439697266e-01
6.419354838709677713e-01 7.763569355010986328e-01
7.193548387096774244e-01 7.477166056632995605e-01
7.967741935483870774e-01 7.048912048339843750e-01
8.741935483870967305e-01 6.568062305450439453e-01
9.516129032258064946e-01 4.226937592029571533e-01
1.029032258064516148e+00 3.203214406967163086e-01
1.106451612903226023e+00 2.095153629779815674e-01
1.183870967741935676e+00 1.319792270660400391e-01
1.261290322580645329e+00 9.143780916929244995e-02
1.338709677419354982e+00 7.310687005519866943e-02
1.416129032258064635e+00 5.802515149116516113e-02
1.493548387096774288e+00 5.155474692583084106e-02
1.570967741935483941e+00 4.531777650117874146e-02
1.648387096774193594e+00 4.182901605963706970e-02
1.725806451612903469e+00 3.907759487628936768e-02
1.803225806451613122e+00 3.577687963843345642e-02
1.880645161290322775e+00 3.395401686429977417e-02
1.958064516129032429e+00 3.274213150143623352e-02
2.035483870967742082e+00 3.093442320823669434e-02
2.112903225806451957e+00 2.957816794514656067e-02
2.190322580645161388e+00 2.876917645335197449e-02
2.267741935483871263e+00 2.770170941948890686e-02
2.345161290322580694e+00 2.682082168757915497e-02
2.422580645161290569e+00 2.602596394717693329e-02
2.500000000000000000e+00 2.620442211627960205e-02
