1.000000000000000056e-01 9.761835932731628418e-01
1.774193548387096864e-01 9.544014930725097656e-01
2.548387096774193949e-01 9.237129688262939453e-01
3.322580645161290480e-01 9.033082723617553711e-01
4.096774193548387011e-01 8.841828107833862305e-01
4.870967741935483541e-01 8.642345666885375977e-01
5.645161290322581182e-01 8.419174551963806152e-01
6.419354838709677713e-01 8.171955347061157227e-01
7.193548387096774244e-01 7.875295877456665039e-01
7.967741935483870774e-01 7.572193741798400879e-01
8.741935483870967305e-01 7.150855660438537598e-01
9.516129032258064946e-01 6.622696518898010254e-01
1.029032258064516148e+00 5.461808443069458008e-01
1.106451612903226023e+00 3.705109059810638428e-01
1.183870967741935676e+00 2.595071196556091309e-01
1.261290322580645329e+00 1.748868227005004883e-01
1.338709677419354982e+00 1.488427072763442993e-01
1.416129032258064635e+00 1.214400529861450195e-01
1.493548387096774288e+00 1.030064076185226440e-01
1.570967741935483941e+00 9.189990162849426270e-02
1.648387096774193594e+00 8.433189243078231812e-02
1.725806451612903469e+00 7.858151197433471680e-02
1.803225806451613122e+00 7.266034930944442749e-02
1.880645161290322775e+00 6.829832494258880615e-02
1.958064516129032429e+00 6.570166349411010742e-02
2.035483870967742082e+00 6.326743215322494507e-02
2.112903225806451957e+00 5.877882242202758789e-02
2.190322580645161388e+00 5.794270709156990051e-02
2.267741935483871263e+00 5.592512711882591248e-02
2.345161290322580694e+00 5.493397265672683716e-02
2.422580645161290569e+00 5.294463038444519043e-02
2.500000000000000000e+00 5.096343532204627991e-02
