1.000000000000000056e-01 9.689005613327026367e-01
1.774193548387096864e-01 9.749079942703247070e-01
2.548387096774193949e-01 9.535227417945861816e-01
3.322580645161290480e-01 9.370877742767333984e-01
4.096774193548387011e-01 9.215531945228576660e-01
4.870967741935483541e-01 9.046977758407592773e-01
5.645161290322581182e-01 8.872742056846618652e-01
6.419354838709677713e-01 8.680594563484191895e-01
7.193548387096774244e-01 8.480444550514221191e-01
7.967741935483870774e-01 8.221043944358825684e-01
8.741935483870967305e-01 7.962378859519958496e-01
9.516129032258064946e-01 7.600895762443542480e-01
1.029032258064516148e+00 7.166268825531005859e-01
1.106451612903226023e+00 6.631411314010620117e-01
1.183870967741935676e+00 5.791657567024230957e-01
1.261290322580645329e+00 5.013955831527709961e-01
1.338709677419354982e+00 4.240900874137878418e-01
1.416129032258064635e+00 3.495946824550628662e-01
1.493548387096774288e+00 3.201259076595306396e-01
1.570967741935483941e+00 2.791885435581207275e-01
1.648387096774193594e+00 2.589993774890899658e-01
1.725806451612903469e+00 2.327245622873306274e-01
1.803225806451613122e+00 2.181995064020156860e-01
1.880645161290322775e+00 2.085109204053878784e-01
1.958064516129032429e+00 1.979380548000335693e-01
2.035483870967742082e+00 1.874604672193527222e-01
2.112903225806451957e+00 1.823231875896453857e-01
2.190322580645161388e+00 1.732116192579269409e-01
2.267741935483871263e+00 1.650489121675491333e-01
2.345161290322580694e+00 1.613121032714843750e-01
2.422580645161290569e+00 1.584773361682891846e-01
2.500000000000000000e+00 1.549217104911804199e-01
