1.000000000000000056e-01 1.166462421417236328e+00
1.774193548387096864e-01 4.261302053928375244e-01
2.548387096774193949e-01 2.516624331474304199e-01
3.322580645161290480e-01 1.445342898368835449e-01
4.096774193548387011e-01 1.151985898613929749e-01
4.870967741935483541e-01 1.212319061160087585e-01
5.645161290322581182e-01 1.290430277585983276e-01
6.419354838709677713e-01 1.505819112062454224e-01
7.193548387096774244e-01 1.774620264768600464e-01
7.967741935483870774e-01 2.334357947111129761e-01
8.741935483870967305e-01 2.919166982173919678e-01
9.516129032258064946e-01 4.778741598129272461e-01
1.029032258064516148e+00 7.383403182029724121e-01
1.106451612903226023e+00 1.092527031898498535e+00
1.183870967741935676e+00 1.754485249519348145e+00
1.261290322580645329e+00 1.898605704307556152e+00
1.338709677419354982e+00 1.866822719573974609e+00
1.416129032258064635e+00 1.719194650650024414e+00
1.493548387096774288e+00 1.455848693847656250e+00
1.570967741935483941e+00 1.196752071380615234e+00
1.648387096774193594e+00 9.764460325241088867e-01
1.725806451612903469e+00 7.839919924736022949e-01
1.803225806451613122e+00 6.554151773452758789e-01
1.880645161290322775e+00 5.997974276542663574e-01
1.958064516129032429e+00 5.343049764633178711e-01
2.035483870967742082e+00 4.596482515335083008e-01
2.112903225806451957e+00 4.183764159679412842e-01
2.190322580645161388e+00 3.700489103794097900e-01
2.267741935483871263e+00 3.257236480712890625e-01
2.345161290322580694e+00 2.925909459590911865e-01
2.422580645161290569e+00 2.864017188549041748e-01
2.500000000000000000e+00 2.651459574699401855e-01
