1.000000000000000056e-01 7.921768951416015625e+01
1.774193548387096864e-01 2.147210884094238281e+01
2.548387096774193949e-01 3.312681961059570312e+01
3.322580645161290480e-01 2.544835472106933594e+01
4.096774193548387011e-01 1.752053833007812500e+01
4.870967741935483541e-01 2.974633407592773438e+01
5.645161290322581182e-01 4.302041625976562500e+01
6.419354838709677713e-01 3.924346923828125000e+01
7.193548387096774244e-01 5.763503646850585938e+01
7.967741935483870774e-01 6.481031799316406250e+01
8.741935483870967305e-01 1.099929122924804688e+02
9.516129032258064946e-01 1.416632843017578125e+02
1.029032258064516148e+00 8.625826263427734375e+01
1.106451612903226023e+00 2.814089965820312500e+01
1.183870967741935676e+00 1.304660892486572266e+01
1.261290322580645329e+00 5.322663784027099609e+00
1.338709677419354982e+00 3.493287086486816406e+00
1.416129032258064635e+00 2.660452127456665039e+00
1.493548387096774288e+00 1.829256892204284668e+00
1.570967741935483941e+00 1.452458858489990234e+00
1.648387096774193594e+00 1.084239125251770020e+00
1.725806451612903469e+00 8.702895045280456543e-01
1.803225806451613122e+00 7.699581384658813477e-01
1.880645161290322775e+00 6.493986845016479492e-01
1.958064516129032429e+00 5.634578466415405273e-01
2.035483870967742082e+00 4.883191585540771484e-01
2.112903225806451957e+00 4.297687411308288574e-01
2.190322580645161388e+00 3.850781023502349854e-01
2.267741935483871263e+00 3.619236052036285400e-01
2.345161290322580694e+00 3.187360465526580811e-01
2.422580645161290569e+00 2.859098017215728760e-01
2.500000000000000000e+00 2.664635479450225830e-01
