1.000000000000000056e-01 -1.977338552474975586e+00
1.827586206896551768e-01 -1.956086754798889160e+00
2.655172413793103203e-01 -1.902694344520568848e+00
3.482758620689655471e-01 -1.853646755218505859e+00
4.310344827586206629e-01 -1.807136058807373047e+00
5.137931034482758896e-01 -1.760506391525268555e+00
5.965517241379310054e-01 -1.711962938308715820e+00
6.793103448275862322e-01 -1.660351276397705078e+00
7.620689655172413479e-01 -1.603958964347839355e+00
8.448275862068964637e-01 -1.541286349296569824e+00
9.275862068965516904e-01 -1.464309692382812500e+00
1.010344827586207028e+00 -1.362954378128051758e+00
1.093103448275862144e+00 -1.245780706405639648e+00
1.175862068965517260e+00 -1.138344287872314453e+00
1.258620689655172598e+00 -1.040280818939208984e+00
1.341379310344827713e+00 -9.549002051353454590e-01
1.424137931034482829e+00 -8.829184174537658691e-01
1.506896551724137945e+00 -8.201604485511779785e-01
1.589655172413793061e+00 -7.656071186065673828e-01
1.672413793103448398e+00 -7.186786532402038574e-01
1.755172413793103514e+00 -6.763966679573059082e-01
1.837931034482758630e+00 -6.394129395484924316e-01
1.920689655172413968e+00 -6.066583395004272461e-01
2.003448275862068861e+00 -5.764071345329284668e-01
2.086206896551724199e+00 -5.502485036849975586e-01
2.168965517241379537e+00 -5.257608294486999512e-01
2.251724137931034431e+00 -5.031526684761047363e-01
2.334482758620689768e+00 -4.824973344802856445e-01
2.417241379310345106e+00 -4.641587436199188232e-01
2.500000000000000000e+00 -4.464273452758789062e-01
