1.000000000000000056e-01 -1.977676391601562500e+00
1.827586206896551768e-01 -1.955832242965698242e+00
2.655172413793103203e-01 -1.902581930160522461e+00
3.482758620689655471e-01 -1.853336572647094727e+00
4.310344827586206629e-01 -1.806811094284057617e+00
5.137931034482758896e-01 -1.759916305541992188e+00
5.965517241379310054e-01 -1.711192965507507324e+00
6.793103448275862322e-01 -1.659155488014221191e+00
7.620689655172413479e-01 -1.602502822875976562e+00
8.448275862068964637e-01 -1.535529255867004395e+00
9.275862068965516904e-01 -1.450746774673461914e+00
1.010344827586207028e+00 -1.354719161987304688e+00
1.093103448275862144e+00 -1.246072411537170410e+00
1.175862068965517260e+00 -1.139110207557678223e+00
1.258620689655172598e+00 -1.039396762847900391e+00
1.341379310344827713e+00 -9.549120068550109863e-01
1.424137931034482829e+00 -8.829749822616577148e-01
1.506896551724137945e+00 -8.194747567176818848e-01
1.589655172413793061e+00 -7.658154964447021484e-01
1.672413793103448398e+00 -7.180444002151489258e-01
1.755172413793103514e+00 -6.762456297874450684e-01
1.837931034482758630e+00 -6.393178701400756836e-01
1.920689655172413968e+00 -6.063172817230224609e-01
2.003448275862068861e+00 -5.766579508781433105e-01
2.086206896551724199e+00 -5.497070550918579102e-01
2.168965517241379537e+00 -5.254103541374206543e-01
2.251724137931034431e+00 -5.031017065048217773e-01
2.334482758620689768e+00 -4.828726947307586670e-01
2.417241379310345106e+00 -4.639930129051208496e-01
2.500000000000000000e+00 -4.467426240444183350e-01
