1.000000000000000056e-01 9.886853098869323730e-01
1.827586206896551768e-01 9.778996109962463379e-01
2.655172413793103203e-01 9.511170387268066406e-01
3.482758620689655471e-01 9.257462024688720703e-01
4.310344827586206629e-01 9.006910920143127441e-01
5.137931034482758896e-01 8.740167021751403809e-01
5.965517241379310054e-01 8.450040221214294434e-01
6.793103448275862322e-01 8.117444515228271484e-01
7.620689655172413479e-01 7.724599838256835938e-01
8.448275862068964637e-01 4.469552636146545410e-01
9.275862068965516904e-01 -1.086633324623107910e+00
1.010344827586207028e+00 -4.681523889303207397e-02
1.093103448275862144e+00 -5.021499842405319214e-02
1.175862068965517260e+00 8.846560376696288586e-04
1.258620689655172598e+00 -4.730344936251640320e-02
1.341379310344827713e+00 -4.176591522991657257e-03
1.424137931034482829e+00 -8.714412339031696320e-03
1.506896551724137945e+00 -1.256909966468811035e-02
1.589655172413793061e+00 1.361440215259790421e-02
1.672413793103448398e+00 -1.049098093062639236e-02
1.755172413793103514e+00 -2.289507538080215454e-04
1.837931034482758630e+00 9.474868886172771454e-03
1.920689655172413968e+00 -2.011289820075035095e-03
2.003448275862068861e+00 -3.320837393403053284e-03
2.086206896551724199e+00 1.462269108742475510e-03
2.168965517241379537e+00 3.344984259456396103e-03
2.251724137931034431e+00 -1.147442962974309921e-03
2.334482758620689768e+00 2.498125657439231873e-03
2.417241379310345106e+00 -8.534470689482986927e-04
2.500000000000000000e+00 2.232037717476487160e-03
