1.000000000000000056e-01 9.887427687644958496e-01
1.827586206896551768e-01 9.780634641647338867e-01
2.655172413793103203e-01 9.512618780136108398e-01
3.482758620689655471e-01 9.259101152420043945e-01
4.310344827586206629e-01 9.008283019065856934e-01
5.137931034482758896e-01 8.744456768035888672e-01
5.965517241379310054e-01 8.453011512756347656e-01
6.793103448275862322e-01 8.126210570335388184e-01
7.620689655172413479e-01 7.739660739898681641e-01
8.448275862068964637e-01 7.146905660629272461e-01
9.275862068965516904e-01 5.685752034187316895e-01
1.010344827586207028e+00 2.923528850078582764e-01
1.093103448275862144e+00 -1.477953642606735229e-01
1.175862068965517260e+00 -5.361720919609069824e-02
1.258620689655172598e+00 1.314944680780172348e-02
1.341379310344827713e+00 9.761332534253597260e-03
1.424137931034482829e+00 -7.298013195395469666e-03
1.506896551724137945e+00 1.115262275561690331e-03
1.589655172413793061e+00 -2.251120284199714661e-03
1.672413793103448398e+00 -1.681449357420206070e-03
1.755172413793103514e+00 8.278452791273593903e-03
1.837931034482758630e+00 -6.941630505025386810e-03
1.920689655172413968e+00 -4.872730933129787445e-03
2.003448275862068861e+00 -1.908135251142084599e-03
2.086206896551724199e+00 -7.681921124458312988e-04
2.168965517241379537e+00 -2.213998930528759956e-03
2.251724137931034431e+00 -4.218844231218099594e-03
2.334482758620689768e+00 -2.220822731032967567e-03
2.417241379310345106e+00 -1.864768681116402149e-03
2.500000000000000000e+00 6.302035180851817131e-04
