1.000000000000000056e-01 9.732397794723510742e-01
1.827586206896551768e-01 9.130430221557617188e-01
2.655172413793103203e-01 8.676797151565551758e-01
3.482758620689655471e-01 8.349360823631286621e-01
4.310344827586206629e-01 7.907956242561340332e-01
5.137931034482758896e-01 7.468779683113098145e-01
5.965517241379310054e-01 6.992557644844055176e-01
6.793103448275862322e-01 6.099414825439453125e-01
7.620689655172413479e-01 5.258085727691650391e-01
8.448275862068964637e-01 3.636207282543182373e-01
9.275862068965516904e-01 2.120419889688491821e-01
1.010344827586207028e+00 1.593635082244873047e-01
1.093103448275862144e+00 1.186056658625602722e-01
1.175862068965517260e+00 7.420675456523895264e-02
1.258620689655172598e+00 5.383852496743202209e-02
1.341379310344827713e+00 4.108786582946777344e-02
1.424137931034482829e+00 3.509931266307830811e-02
1.506896551724137945e+00 3.116477467119693756e-02
1.589655172413793061e+00 2.664898894727230072e-02
1.672413793103448398e+00 2.406485378742218018e-02
1.755172413793103514e+00 2.261705324053764343e-02
1.837931034482758630e+00 2.063787914812564850e-02
1.920689655172413968e+00 2.058487758040428162e-02
2.003448275862068861e+00 1.919358596205711365e-02
2.086206896551724199e+00 1.778525300323963165e-02
2.168965517241379537e+00 1.702210307121276855e-02
2.251724137931034431e+00 1.703217998147010803e-02
2.334482758620689768e+00 1.620570197701454163e-02
2.417241379310345106e+00 1.599067822098731995e-02
2.500000000000000000e+00 1.538729108870029449e-02
