1.000000000000000056e-01 9.755907058715820312e-01
1.827586206896551768e-01 9.352514147758483887e-01
2.655172413793103203e-01 8.943843245506286621e-01
3.482758620689655471e-01 8.730197548866271973e-01
4.310344827586206629e-01 8.549914360046386719e-01
5.137931034482758896e-01 8.302506804466247559e-01
5.965517241379310054e-01 7.996500134468078613e-01
6.793103448275862322e-01 7.701341509819030762e-01
7.620689655172413479e-01 7.245478034019470215e-01
8.448275862068964637e-01 6.744496822357177734e-01
9.275862068965516904e-01 5.692440271377563477e-01
1.010344827586207028e+00 3.783944845199584961e-01
1.093103448275862144e+00 1.867568939924240112e-01
1.175862068965517260e+00 1.145572438836097717e-01
1.258620689655172598e+00 9.226126968860626221e-02
1.341379310344827713e+00 6.856015324592590332e-02
1.424137931034482829e+00 5.847156792879104614e-02
1.506896551724137945e+00 5.077342316508293152e-02
1.589655172413793061e+00 4.683926701545715332e-02
1.672413793103448398e+00 4.008084163069725037e-02
1.755172413793103514e+00 3.750041872262954712e-02
1.837931034482758630e+00 3.613506257534027100e-02
1.920689655172413968e+00 3.369483724236488342e-02
2.003448275862068861e+00 3.107687830924987793e-02
2.086206896551724199e+00 3.019043989479541779e-02
2.168965517241379537e+00 2.896673418581485748e-02
2.251724137931034431e+00 2.826999500393867493e-02
2.334482758620689768e+00 2.721116133034229279e-02
2.417241379310345106e+00 2.641754969954490662e-02
2.500000000000000000e+00 2.601718530058860779e-02
