1.000000000000000056e-01 7.933137512207031250e+01
1.827586206896551768e-01 2.400507164001464844e+01
2.655172413793103203e-01 2.993758964538574219e+01
3.482758620689655471e-01 1.979870033264160156e+01
4.310344827586206629e-01 3.176549530029296875e+01
5.137931034482758896e-01 4.422660446166992188e+01
5.965517241379310054e-01 3.790328216552734375e+01
6.793103448275862322e-01 3.221595001220703125e+01
7.620689655172413479e-01 8.350112915039062500e+01
8.448275862068964637e-01 2.085821075439453125e+02
9.275862068965516904e-01 8.827271270751953125e+01
1.010344827586207028e+00 9.870077514648437500e+01
1.093103448275862144e+00 2.923918724060058594e+01
1.175862068965517260e+00 1.640560913085937500e+01
1.258620689655172598e+00 5.439230918884277344e+00
1.341379310344827713e+00 3.456131696701049805e+00
1.424137931034482829e+00 2.562957763671875000e+00
1.506896551724137945e+00 1.978208661079406738e+00
1.589655172413793061e+00 1.351189732551574707e+00
1.672413793103448398e+00 9.308133721351623535e-01
1.755172413793103514e+00 8.578823208808898926e-01
1.837931034482758630e+00 6.651606559753417969e-01
1.920689655172413968e+00 6.044139266014099121e-01
2.003448275862068861e+00 5.212472081184387207e-01
2.086206896551724199e+00 4.350699186325073242e-01
2.168965517241379537e+00 3.804973363876342773e-01
2.251724137931034431e+00 3.613955080509185791e-01
2.334482758620689768e+00 3.094443082809448242e-01
2.417241379310345106e+00 3.043104410171508789e-01
2.500000000000000000e+00 2.614438831806182861e-01
