1.000000000000000056e-01 2.416913032531738281e+01
1.827586206896551768e-01 8.237796783447265625e+00
2.655172413793103203e-01 6.219753742218017578e+00
3.482758620689655471e-01 5.640993595123291016e+00
4.310344827586206629e-01 2.891617059707641602e+00
5.137931034482758896e-01 3.542012214660644531e+00
5.965517241379310054e-01 3.728877782821655273e+00
6.793103448275862322e-01 3.480596542358398438e+00
7.620689655172413479e-01 6.075793266296386719e+00
8.448275862068964637e-01 9.462473869323730469e+00
9.275862068965516904e-01 1.962820625305175781e+01
1.010344827586207028e+00 5.746407699584960938e+01
1.093103448275862144e+00 2.980652618408203125e+01
1.175862068965517260e+00 9.953895568847656250e+00
1.258620689655172598e+00 7.799315929412841797e+00
1.341379310344827713e+00 3.447242975234985352e+00
1.424137931034482829e+00 2.692262172698974609e+00
1.506896551724137945e+00 1.693434596061706543e+00
1.589655172413793061e+00 1.306074976921081543e+00
1.672413793103448398e+00 1.039065837860107422e+00
1.755172413793103514e+00 8.120276331901550293e-01
1.837931034482758630e+00 7.226521968841552734e-01
1.920689655172413968e+00 5.921419858932495117e-01
2.003448275862068861e+00 4.843114614486694336e-01
2.086206896551724199e+00 4.434006512165069580e-01
2.168965517241379537e+00 3.932933807373046875e-01
2.251724137931034431e+00 3.696470856666564941e-01
2.334482758620689768e+00 3.073502779006958008e-01
2.417241379310345106e+00 3.028360307216644287e-01
2.500000000000000000e+00 2.731187045574188232e-01
