1.000000000000000056e-01 -1.895323634147644043e+00
2.000000000000000111e-01 -1.873194694519042969e+00
2.999999999999999889e-01 -1.840131640434265137e+00
4.000000000000000222e-01 -1.798972249031066895e+00
5.000000000000000000e-01 -1.750558376312255859e+00
5.999999999999999778e-01 -1.696014285087585449e+00
6.999999999999999556e-01 -1.629149675369262695e+00
7.999999999999999334e-01 -1.565725922584533691e+00
8.999999999999999112e-01 -1.479788780212402344e+00
9.999999999999998890e-01 -1.357046365737915039e+00
1.099999999999999867e+00 -1.225348114967346191e+00
1.199999999999999956e+00 -1.094739913940429688e+00
1.300000000000000044e+00 -9.892044663429260254e-01
1.399999999999999911e+00 -8.978718519210815430e-01
1.500000000000000000e+00 -8.194894790649414062e-01
1.599999999999999867e+00 -7.540851831436157227e-01
1.699999999999999956e+00 -7.009640932083129883e-01
1.800000000000000044e+00 -6.532269716262817383e-01
1.899999999999999911e+00 -6.125661134719848633e-01
2.000000000000000000e+00 -5.762996673583984375e-01
2.099999999999999645e+00 -5.442633032798767090e-01
2.199999999999999734e+00 -5.157297253608703613e-01
2.299999999999999822e+00 -4.902345240116119385e-01
2.399999999999999911e+00 -4.680392444133758545e-01
2.500000000000000000e+00 -4.460789561271667480e-01
