1.000000000000000056e-01 -1.894880056381225586e+00
2.000000000000000111e-01 -1.873139023780822754e+00
2.999999999999999889e-01 -1.841351151466369629e+00
4.000000000000000222e-01 -1.800125837326049805e+00
5.000000000000000000e-01 -1.751452565193176270e+00
5.999999999999999778e-01 -1.696350812911987305e+00
6.999999999999999556e-01 -1.635456800460815430e+00
7.999999999999999334e-01 -1.565238475799560547e+00
8.999999999999999112e-01 -1.482972502708435059e+00
9.999999999999998890e-01 -1.376627564430236816e+00
1.099999999999999867e+00 -1.237808942794799805e+00
1.199999999999999956e+00 -1.090558171272277832e+00
1.300000000000000044e+00 -9.879572391510009766e-01
1.399999999999999911e+00 -8.945215940475463867e-01
1.500000000000000000e+00 -8.194018602371215820e-01
1.599999999999999867e+00 -7.551299929618835449e-01
1.699999999999999956e+00 -7.030684947967529297e-01
1.800000000000000044e+00 -6.520025134086608887e-01
1.899999999999999911e+00 -6.136305332183837891e-01
2.000000000000000000e+00 -5.771632790565490723e-01
2.099999999999999645e+00 -5.430558919906616211e-01
2.199999999999999734e+00 -5.166188478469848633e-01
2.299999999999999822e+00 -4.916075170040130615e-01
2.399999999999999911e+00 -4.688683450222015381e-01
2.500000000000000000e+00 -4.458005726337432861e-01
