1.000000000000000056e-01 -1.899177193641662598e+00
2.000000000000000111e-01 -1.873756289482116699e+00
2.999999999999999889e-01 -1.842091441154479980e+00
4.000000000000000222e-01 -1.800915956497192383e+00
5.000000000000000000e-01 -1.753323435783386230e+00
5.999999999999999778e-01 -1.700133562088012695e+00
6.999999999999999556e-01 -1.641982078552246094e+00
7.999999999999999334e-01 -1.574599146842956543e+00
8.999999999999999112e-01 -1.497373223304748535e+00
9.999999999999998890e-01 -1.405620574951171875e+00
1.099999999999999867e+00 -1.277773976325988770e+00
1.199999999999999956e+00 -1.161985397338867188e+00
1.300000000000000044e+00 -1.023468375205993652e+00
1.399999999999999911e+00 -9.058902263641357422e-01
1.500000000000000000e+00 -8.393626213073730469e-01
1.599999999999999867e+00 -7.637381553649902344e-01
1.699999999999999956e+00 -7.014324069023132324e-01
1.800000000000000044e+00 -6.524006724357604980e-01
1.899999999999999911e+00 -6.124919652938842773e-01
2.000000000000000000e+00 -5.785199403762817383e-01
2.099999999999999645e+00 -5.472537279129028320e-01
2.199999999999999734e+00 -5.141663551330566406e-01
2.299999999999999822e+00 -4.913502335548400879e-01
2.399999999999999911e+00 -4.691165387630462646e-01
2.500000000000000000e+00 -4.472078979015350342e-01
