1.000000000000000056e-01 -1.892457604408264160e+00
2.000000000000000111e-01 -1.869220495223999023e+00
2.999999999999999889e-01 -1.839968204498291016e+00
4.000000000000000222e-01 -1.798737168312072754e+00
5.000000000000000000e-01 -1.750413656234741211e+00
5.999999999999999778e-01 -1.695897221565246582e+00
6.999999999999999556e-01 -1.634333729743957520e+00
7.999999999999999334e-01 -1.564180850982666016e+00
8.999999999999999112e-01 -1.467727541923522949e+00
9.999999999999998890e-01 -1.357081651687622070e+00
1.099999999999999867e+00 -1.224838972091674805e+00
1.199999999999999956e+00 -1.097484946250915527e+00
1.300000000000000044e+00 -9.869025349617004395e-01
1.399999999999999911e+00 -8.961026072502136230e-01
1.500000000000000000e+00 -8.194067478179931641e-01
1.599999999999999867e+00 -7.554886937141418457e-01
1.699999999999999956e+00 -7.005310058593750000e-01
1.800000000000000044e+00 -6.531770229339599609e-01
1.899999999999999911e+00 -6.122843027114868164e-01
2.000000000000000000e+00 -5.766841769218444824e-01
2.099999999999999645e+00 -5.449749231338500977e-01
2.199999999999999734e+00 -5.161718726158142090e-01
2.299999999999999822e+00 -4.906054735183715820e-01
2.399999999999999911e+00 -4.681065380573272705e-01
2.500000000000000000e+00 -4.466342329978942871e-01
