1.000000000000000056e-01 5.057887434959411621e-01
2.000000000000000111e-01 5.911186933517456055e-01
2.999999999999999889e-01 6.037747859954833984e-01
4.000000000000000222e-01 7.598041892051696777e-01
5.000000000000000000e-01 6.994141340255737305e-01
5.999999999999999778e-01 6.158697605133056641e-01
6.999999999999999556e-01 2.237780541181564331e-01
7.999999999999999334e-01 5.014505982398986816e-01
8.999999999999999112e-01 1.791049093008041382e-01
9.999999999999998890e-01 1.719894856214523315e-01
1.099999999999999867e+00 1.151269897818565369e-01
1.199999999999999956e+00 6.399948894977569580e-02
1.300000000000000044e+00 4.636834561824798584e-02
1.399999999999999911e+00 3.525624424219131470e-02
1.500000000000000000e+00 3.180106356739997864e-02
1.599999999999999867e+00 2.566702105104923248e-02
1.699999999999999956e+00 2.387875504791736603e-02
1.800000000000000044e+00 2.155238576233386993e-02
1.899999999999999911e+00 2.037778124213218689e-02
2.000000000000000000e+00 1.895541884005069733e-02
2.099999999999999645e+00 1.822165399789810181e-02
2.199999999999999734e+00 1.701843179762363434e-02
2.299999999999999822e+00 1.653568446636199951e-02
2.399999999999999911e+00 1.579513028264045715e-02
2.500000000000000000e+00 1.541456952691078186e-02
