1.000000000000000056e-01 8.126459121704101562e-01
2.000000000000000111e-01 7.171036005020141602e-01
2.999999999999999889e-01 8.646889925003051758e-01
4.000000000000000222e-01 8.419345021247863770e-01
5.000000000000000000e-01 8.244488835334777832e-01
5.999999999999999778e-01 7.900663018226623535e-01
6.999999999999999556e-01 7.495424151420593262e-01
7.999999999999999334e-01 7.078919410705566406e-01
8.999999999999999112e-01 6.129792928695678711e-01
9.999999999999998890e-01 3.271194398403167725e-01
1.099999999999999867e+00 1.681658774614334106e-01
1.199999999999999956e+00 1.107307448983192444e-01
1.300000000000000044e+00 7.591965049505233765e-02
1.399999999999999911e+00 6.102143600583076477e-02
1.500000000000000000e+00 5.128078535199165344e-02
1.599999999999999867e+00 4.407916963100433350e-02
1.699999999999999956e+00 4.146699234843254089e-02
1.800000000000000044e+00 3.623761981725692749e-02
1.899999999999999911e+00 3.402975946664810181e-02
2.000000000000000000e+00 3.139607608318328857e-02
2.099999999999999645e+00 2.984695881605148315e-02
2.199999999999999734e+00 2.808903157711029053e-02
2.299999999999999822e+00 2.746322564780712128e-02
2.399999999999999911e+00 2.699933573603630066e-02
2.500000000000000000e+00 2.597846463322639465e-02
