1.000000000000000056e-01 9.328402280807495117e-01
2.000000000000000111e-01 9.421367049217224121e-01
2.999999999999999889e-01 9.334121346473693848e-01
4.000000000000000222e-01 9.155456423759460449e-01
5.000000000000000000e-01 8.956606388092041016e-01
5.999999999999999778e-01 8.728309869766235352e-01
6.999999999999999556e-01 8.473532199859619141e-01
7.999999999999999334e-01 8.170901536941528320e-01
8.999999999999999112e-01 7.770375609397888184e-01
9.999999999999998890e-01 7.285608053207397461e-01
1.099999999999999867e+00 6.584013104438781738e-01
1.199999999999999956e+00 5.412248969078063965e-01
1.300000000000000044e+00 4.693956375122070312e-01
1.399999999999999911e+00 3.696877062320709229e-01
1.500000000000000000e+00 3.083746433258056641e-01
1.599999999999999867e+00 2.727992534637451172e-01
1.699999999999999956e+00 2.330015450716018677e-01
1.800000000000000044e+00 2.216039597988128662e-01
1.899999999999999911e+00 2.034109532833099365e-01
2.000000000000000000e+00 1.889279484748840332e-01
2.099999999999999645e+00 1.832541674375534058e-01
2.199999999999999734e+00 1.727157980203628540e-01
2.299999999999999822e+00 1.656149178743362427e-01
2.399999999999999911e+00 1.621612757444381714e-01
2.500000000000000000e+00 1.542536318302154541e-01
