1.000000000000000056e-01 8.914801478385925293e-01
2.000000000000000111e-01 9.022455215454101562e-01
2.999999999999999889e-01 8.955273628234863281e-01
4.000000000000000222e-01 8.779034614562988281e-01
5.000000000000000000e-01 8.496050238609313965e-01
5.999999999999999778e-01 8.220627903938293457e-01
6.999999999999999556e-01 7.866019606590270996e-01
7.999999999999999334e-01 7.478356957435607910e-01
8.999999999999999112e-01 6.899374723434448242e-01
9.999999999999998890e-01 5.704239606857299805e-01
1.099999999999999867e+00 3.912471830844879150e-01
1.199999999999999956e+00 2.144033014774322510e-01
1.300000000000000044e+00 1.617569178342819214e-01
1.399999999999999911e+00 1.204655095934867859e-01
1.500000000000000000e+00 1.052637025713920593e-01
1.599999999999999867e+00 8.942532539367675781e-02
1.699999999999999956e+00 8.091409504413604736e-02
1.800000000000000044e+00 7.290148735046386719e-02
1.899999999999999911e+00 6.667374819517135620e-02
2.000000000000000000e+00 6.412167847156524658e-02
2.099999999999999645e+00 6.034912168979644775e-02
2.199999999999999734e+00 5.633476376533508301e-02
2.299999999999999822e+00 5.442282557487487793e-02
2.399999999999999911e+00 5.389000847935676575e-02
2.500000000000000000e+00 5.090492218732833862e-02
