1.000000000000000056e-01 9.899955391883850098e-01
2.000000000000000111e-01 9.675056934356689453e-01
2.999999999999999889e-01 9.361982345581054688e-01
4.000000000000000222e-01 9.060900807380676270e-01
5.000000000000000000e-01 8.748124837875366211e-01
5.999999999999999778e-01 8.396914601325988770e-01
6.999999999999999556e-01 7.988536357879638672e-01
7.999999999999999334e-01 7.472247481346130371e-01
8.999999999999999112e-01 6.614481210708618164e-01
9.999999999999998890e-01 3.321886956691741943e-01
1.099999999999999867e+00 9.797538071870803833e-02
1.199999999999999956e+00 -6.885747425258159637e-03
1.300000000000000044e+00 -1.937101967632770538e-02
1.399999999999999911e+00 5.367058329284191132e-03
1.500000000000000000e+00 -9.162961505353450775e-03
1.599999999999999867e+00 -6.330294068902730942e-03
1.699999999999999956e+00 1.023417920805513859e-03
1.800000000000000044e+00 6.330430507659912109e-03
1.899999999999999911e+00 2.079316414892673492e-03
2.000000000000000000e+00 1.513613504357635975e-03
2.099999999999999645e+00 1.944100018590688705e-03
2.199999999999999734e+00 -1.718279207125306129e-03
2.299999999999999822e+00 -5.067625897936522961e-04
2.399999999999999911e+00 -1.625636126846075058e-03
2.500000000000000000e+00 -6.977245793677866459e-04
