1.000000000000000056e-01 9.691443443298339844e-01
2.000000000000000111e-01 9.141810536384582520e-01
2.999999999999999889e-01 8.797014951705932617e-01
4.000000000000000222e-01 8.531677126884460449e-01
5.000000000000000000e-01 8.273545503616333008e-01
5.999999999999999778e-01 7.900139689445495605e-01
6.999999999999999556e-01 7.459971904754638672e-01
7.999999999999999334e-01 6.971443295478820801e-01
8.999999999999999112e-01 6.081168651580810547e-01
9.999999999999998890e-01 3.885894119739532471e-01
1.099999999999999867e+00 1.796331703662872314e-01
1.199999999999999956e+00 1.026506498456001282e-01
1.300000000000000044e+00 7.541578263044357300e-02
1.399999999999999911e+00 6.039117276668548584e-02
1.500000000000000000e+00 5.129277706146240234e-02
1.599999999999999867e+00 4.462806507945060730e-02
1.699999999999999956e+00 3.988326340913772583e-02
1.800000000000000044e+00 3.614979982376098633e-02
1.899999999999999911e+00 3.355617076158523560e-02
2.000000000000000000e+00 3.100888617336750031e-02
2.099999999999999645e+00 2.943662740290164948e-02
2.199999999999999734e+00 2.851781435310840607e-02
2.299999999999999822e+00 2.747005037963390350e-02
2.399999999999999911e+00 2.632098272442817688e-02
2.500000000000000000e+00 2.604307234287261963e-02
