1.000000000000000056e-01 7.878226470947265625e+01
2.000000000000000111e-01 2.473970222473144531e+01
2.999999999999999889e-01 2.716176223754882812e+01
4.000000000000000222e-01 2.148378181457519531e+01
5.000000000000000000e-01 3.793271255493164062e+01
5.999999999999999778e-01 3.794192886352539062e+01
6.999999999999999556e-01 4.627872848510742188e+01
7.999999999999999334e-01 4.620882415771484375e+01
8.999999999999999112e-01 1.230276565551757812e+02
9.999999999999998890e-01 8.218573760986328125e+01
1.099999999999999867e+00 2.632947158813476562e+01
1.199999999999999956e+00 8.735016822814941406e+00
1.300000000000000044e+00 4.253100395202636719e+00
1.399999999999999911e+00 2.848849058151245117e+00
1.500000000000000000e+00 1.832326412200927734e+00
1.599999999999999867e+00 1.295361518859863281e+00
1.699999999999999956e+00 9.635822176933288574e-01
1.800000000000000044e+00 7.371172904968261719e-01
1.899999999999999911e+00 6.014299392700195312e-01
2.000000000000000000e+00 5.149785876274108887e-01
2.099999999999999645e+00 4.445099532604217529e-01
2.199999999999999734e+00 3.745735287666320801e-01
2.299999999999999822e+00 3.341069519519805908e-01
2.399999999999999911e+00 3.104459047317504883e-01
2.500000000000000000e+00 2.706196606159210205e-01
