1.000000000000000056e-01 -1.981207370758056641e+00
2.000000000000000111e-01 -1.934646725654602051e+00
2.999999999999999889e-01 -1.872889876365661621e+00
4.000000000000000222e-01 -1.816122889518737793e+00
5.000000000000000000e-01 -1.760483622550964355e+00
5.999999999999999778e-01 -1.701689362525939941e+00
6.999999999999999556e-01 -1.638224363327026367e+00
7.999999999999999334e-01 -1.567635536193847656e+00
8.999999999999999112e-01 -1.482868909835815430e+00
9.999999999999998890e-01 -1.363525152206420898e+00
1.099999999999999867e+00 -1.225206017494201660e+00
1.199999999999999956e+00 -1.096631765365600586e+00
1.300000000000000044e+00 -9.872597455978393555e-01
1.399999999999999911e+00 -8.962933421134948730e-01
1.500000000000000000e+00 -8.203331828117370605e-01
1.599999999999999867e+00 -7.556455135345458984e-01
1.699999999999999956e+00 -7.007585167884826660e-01
1.800000000000000044e+00 -6.541464328765869141e-01
1.899999999999999911e+00 -6.124526262283325195e-01
2.000000000000000000e+00 -5.767979025840759277e-01
2.099999999999999645e+00 -5.445469617843627930e-01
2.199999999999999734e+00 -5.162652134895324707e-01
2.299999999999999822e+00 -4.909147918224334717e-01
2.399999999999999911e+00 -4.679219126701354980e-01
2.500000000000000000e+00 -4.465125203132629395e-01
