1.000000000000000056e-01 9.749193787574768066e-01
2.000000000000000111e-01 9.370171427726745605e-01
2.999999999999999889e-01 9.067949652671813965e-01
4.000000000000000222e-01 8.823884129524230957e-01
5.000000000000000000e-01 8.554478287696838379e-01
5.999999999999999778e-01 8.252225518226623535e-01
6.999999999999999556e-01 7.898249626159667969e-01
7.999999999999999334e-01 7.446165084838867188e-01
8.999999999999999112e-01 6.844962835311889648e-01
9.999999999999998890e-01 5.413393378257751465e-01
1.099999999999999867e+00 3.661439418792724609e-01
1.199999999999999956e+00 2.206318974494934082e-01
1.300000000000000044e+00 1.556512713432312012e-01
1.399999999999999911e+00 1.204089373350143433e-01
1.500000000000000000e+00 1.019230633974075317e-01
1.599999999999999867e+00 8.776906132698059082e-02
1.699999999999999956e+00 7.973179221153259277e-02
1.800000000000000044e+00 7.245551049709320068e-02
1.899999999999999911e+00 6.694015860557556152e-02
2.000000000000000000e+00 6.327834725379943848e-02
2.099999999999999645e+00 6.048515439033508301e-02
2.199999999999999734e+00 5.646884813904762268e-02
2.299999999999999822e+00 5.528001859784126282e-02
2.399999999999999911e+00 5.329055711627006531e-02
2.500000000000000000e+00 5.131053552031517029e-02
