1.000000000000000056e-01 9.816856980323791504e-01
2.000000000000000111e-01 9.625295400619506836e-01
2.999999999999999889e-01 9.399080872535705566e-01
4.000000000000000222e-01 9.196688532829284668e-01
5.000000000000000000e-01 8.988062739372253418e-01
5.999999999999999778e-01 8.749409914016723633e-01
6.999999999999999556e-01 8.472479581832885742e-01
7.999999999999999334e-01 8.170768022537231445e-01
8.999999999999999112e-01 7.805918455123901367e-01
9.999999999999998890e-01 7.287839651107788086e-01
1.099999999999999867e+00 6.448570489883422852e-01
1.199999999999999956e+00 5.414641499519348145e-01
1.300000000000000044e+00 4.477603435516357422e-01
1.399999999999999911e+00 3.734223842620849609e-01
1.500000000000000000e+00 3.085322380065917969e-01
1.599999999999999867e+00 2.682544887065887451e-01
1.699999999999999956e+00 2.418582141399383545e-01
1.800000000000000044e+00 2.205464988946914673e-01
1.899999999999999911e+00 2.028053104877471924e-01
2.000000000000000000e+00 1.901896446943283081e-01
2.099999999999999645e+00 1.804535835981369019e-01
2.199999999999999734e+00 1.715758442878723145e-01
2.299999999999999822e+00 1.659049838781356812e-01
2.399999999999999911e+00 1.598587334156036377e-01
2.500000000000000000e+00 1.542747765779495239e-01
