1.000000000000000056e-01 3.314075767993927002e-01
2.000000000000000111e-01 2.520219385623931885e-01
2.999999999999999889e-01 1.567485481500625610e-01
4.000000000000000222e-01 1.085155755281448364e-01
5.000000000000000000e-01 1.219343692064285278e-01
5.999999999999999778e-01 1.477123200893402100e-01
6.999999999999999556e-01 1.855380237102508545e-01
7.999999999999999334e-01 2.384831160306930542e-01
8.999999999999999112e-01 3.442848324775695801e-01
9.999999999999998890e-01 6.429803371429443359e-01
1.099999999999999867e+00 1.369787573814392090e+00
1.199999999999999956e+00 2.049516916275024414e+00
1.300000000000000044e+00 2.099426984786987305e+00
1.399999999999999911e+00 1.778857111930847168e+00
1.500000000000000000e+00 1.334742546081542969e+00
1.599999999999999867e+00 1.075336098670959473e+00
1.699999999999999956e+00 8.370233774185180664e-01
1.800000000000000044e+00 6.979059576988220215e-01
1.899999999999999911e+00 5.832077264785766602e-01
2.000000000000000000e+00 4.820996522903442383e-01
2.099999999999999645e+00 4.274702370166778564e-01
2.199999999999999734e+00 3.696508407592773438e-01
2.299999999999999822e+00 3.177080452442169189e-01
2.399999999999999911e+00 2.876056432723999023e-01
2.500000000000000000e+00 2.658355534076690674e-01
